9 0.484799 0.798 0.907494 0.205867
2 0.0935134 0.661305 0.0864796 0.0456441
8 0.551017 0.0849297 0.789079 0.0577225
2 0.886069 0.665729 0.0781278 0.0381344
2 0.660462 0.274334 0.550128 0.0786888
2 0.22485 0.273396 0.297037 0.0892519
0 0.67657 0.935511 0.0622575 0.0354733
3 0.480812 0.934817 0.0666431 0.0357572
7 0.283559 0.933514 0.057943 0.0301705
2 0.72227 0.665914 0.0960988 0.0273352
0 0.10304 0.0816093 0.0424094 0.0335914
2 0.48668 0.664582 0.130713 0.0289941
2 0.455553 0.614437 0.175684 0.0238007
2 0.61987 0.378101 0.596563 0.0844449
2 0.251773 0.663453 0.0394382 0.0237478
