9 0.487098 0.794237 0.918617 0.214143
2 0.0948284 0.660048 0.0925951 0.0519245
2 0.657513 0.135059 0.319424 0.0475887
2 0.889827 0.663934 0.0866905 0.045008
2 0.620888 0.663032 0.0706954 0.039849
0 0.677671 0.935665 0.0616048 0.0357968
2 0.296468 0.134258 0.382336 0.0478705
2 0.490612 0.662082 0.0659955 0.0369317
7 0.284001 0.93349 0.0582639 0.0298633
2 0.753751 0.663447 0.0693903 0.0381488
0 0.117087 0.077518 0.0578959 0.0341916
3 0.481232 0.934714 0.0663804 0.0357402
2 0.227904 0.660629 0.0775758 0.0418718
2 0.358461 0.661114 0.0759926 0.0338269
