9 0.485393 0.795158 0.91059 0.211329
2 0.0940042 0.659879 0.0906276 0.0498597
1 0.495532 0.273102 0.847318 0.0694934
1 0.502961 0.492788 0.840758 0.116155
0 0.678524 0.935142 0.0619689 0.0359398
3 0.482489 0.93463 0.0666474 0.0361093
0 0.123447 0.0863347 0.0557239 0.0361614
2 0.887762 0.664393 0.0836525 0.0413272
2 0.487491 0.174969 0.79784 0.0733388
2 0.253627 0.662494 0.0572108 0.0319903
2 0.419869 0.370257 0.665931 0.0663133
2 0.887792 0.0899449 0.0607157 0.0361499
7 0.286028 0.933157 0.061498 0.0301098
2 0.724712 0.663409 0.0464267 0.0312813
3 0.28588 0.9335 0.0645979 0.0311725
2 0.488222 0.663742 0.0448449 0.0268344
