9 0.486825 0.793925 0.915883 0.214316
2 0.0944074 0.659553 0.0932302 0.0512139
0 0.677808 0.936873 0.0622813 0.0368329
0 0.116627 0.081289 0.0520914 0.0336313
2 0.889262 0.66362 0.0874501 0.0443811
3 0.480265 0.935815 0.0664102 0.036216
2 0.486459 0.662229 0.0700462 0.0349988
2 0.724101 0.663244 0.0781703 0.0366104
2 0.254471 0.661237 0.0568664 0.0352536
7 0.283206 0.934322 0.0589177 0.0314961
2 0.252073 0.210299 0.31768 0.0476245
8 0.501238 0.337584 0.873399 0.0584802
8 0.493894 0.399281 0.859759 0.0564561
5 0.604374 0.262526 0.791252 0.342132
2 0.907185 0.0868762 0.0614271 0.034758
