9 0.478628 0.796212 0.920775 0.209419
2 0.526981 0.494161 0.653657 0.0813428
2 0.538147 0.28405 0.674386 0.0835468
0 0.678331 0.935026 0.0629795 0.0359929
0 0.12377 0.0859423 0.057136 0.0382993
3 0.482475 0.934761 0.0663147 0.0361159
2 0.0951786 0.661298 0.0901702 0.045225
2 0.468761 0.176665 0.775234 0.0732458
2 0.394591 0.388163 0.464514 0.0610217
7 0.286512 0.932969 0.060527 0.0299649
2 0.888252 0.664428 0.0847418 0.0406784
2 0.888033 0.0891574 0.0630597 0.0342758
2 0.241923 0.0883602 0.0488985 0.0427513
