9 0.486143 0.793979 0.919399 0.216672
2 0.0940917 0.659883 0.0917389 0.0506964
2 0.499539 0.504911 0.495594 0.0614638
0 0.678977 0.936764 0.0609833 0.0352883
8 0.498654 0.0835155 0.90904 0.0746877
3 0.482375 0.935845 0.0662402 0.0353431
2 0.886669 0.664088 0.0851379 0.0433931
2 0.48683 0.662496 0.084106 0.0344075
2 0.900158 0.0851892 0.0661586 0.0308057
0 0.124224 0.0809312 0.059747 0.033125
2 0.721053 0.66443 0.0904265 0.0347852
2 0.248998 0.662534 0.0761037 0.0328748
7 0.286071 0.934416 0.0597168 0.0316402
