9 0.482623 0.799217 0.906569 0.204016
8 0.548933 0.0848025 0.792281 0.0574361
2 0.0936169 0.660597 0.0884104 0.0466329
2 0.885985 0.665776 0.0800313 0.0382074
0 0.678327 0.935079 0.0618903 0.0360946
2 0.653178 0.273736 0.537034 0.0780072
3 0.482617 0.934745 0.0663215 0.0363599
2 0.225016 0.274337 0.300001 0.0861243
2 0.306808 0.607415 0.0787925 0.028253
0 0.102739 0.0814492 0.0424986 0.0337649
2 0.220509 0.376232 0.298336 0.0844451
2 0.648069 0.378313 0.560322 0.0867099
2 0.220016 0.47871 0.295169 0.0832154
7 0.286597 0.933048 0.0605592 0.0305252
3 0.286499 0.933361 0.0637257 0.0315261
2 0.225246 0.167455 0.299439 0.0892704
