9 0.485768 0.793857 0.911639 0.21444
2 0.0937999 0.661414 0.087371 0.0445911
6 0.279494 0.32031 0.369241 0.0428783
0 0.679078 0.936735 0.062448 0.036422
6 0.414395 0.375212 0.640055 0.0398276
3 0.482431 0.93601 0.0665175 0.0355405
2 0.619497 0.663121 0.0709543 0.0387054
2 0.488635 0.661932 0.068759 0.0361511
6 0.283706 0.262317 0.375404 0.0425285
7 0.286351 0.934125 0.0580226 0.0315441
6 0.404007 0.205084 0.61957 0.0443601
2 0.752606 0.663518 0.0770748 0.0390323
2 0.357573 0.661478 0.0757077 0.0331503
2 0.227342 0.660892 0.0686601 0.0364565
8 0.471092 0.0779789 0.782379 0.0770195
6 0.297214 0.433044 0.406746 0.0478821
8 0.447578 0.144173 0.722898 0.0523167
