1 0.504217 0.572911 0.835443 0.0745934
1 0.501355 0.464056 0.855014 0.0904709
7 0.285509 0.932573 0.0500046 0.031725
1 0.49271 0.883164 0.852592 0.0400873
0 0.678404 0.936249 0.0484817 0.0319518
3 0.48068 0.935293 0.0634494 0.0319753
1 0.506689 0.37107 0.838213 0.04359
0 0.120504 0.0844712 0.0432448 0.0358885
2 0.513991 0.572679 0.842189 0.0746036
2 0.400279 0.766946 0.636321 0.0360911
2 0.506365 0.220416 0.83314 0.0870022
2 0.513655 0.462598 0.845821 0.0936949
1 0.85797 0.371768 0.147936 0.0523526
2 0.241349 0.704651 0.312607 0.0331403
