9 0.48526 0.794411 0.910617 0.213424
2 0.0945315 0.659665 0.0918671 0.0502418
0 0.677597 0.936851 0.0615546 0.0363542
0 0.116771 0.0814685 0.0524547 0.0336585
2 0.259178 0.272338 0.328727 0.0444419
3 0.480608 0.935886 0.0665679 0.0360495
7 0.283921 0.934737 0.0577953 0.0308765
2 0.237841 0.334337 0.285887 0.044447
2 0.889688 0.663871 0.0849258 0.0439428
2 0.487639 0.663553 0.0620817 0.0311325
2 0.726154 0.663587 0.0595418 0.0347198
2 0.222974 0.210145 0.259256 0.0446228
2 0.248785 0.395534 0.312999 0.0483212
2 0.253264 0.662781 0.0467254 0.0303751
8 0.541035 0.399189 0.773532 0.0518483
5 0.671732 0.262576 0.656536 0.340545
2 0.907393 0.0868894 0.0600354 0.0345562
