1 0.505203 0.641367 0.837187 0.0723686
1 0.498412 0.534127 0.857651 0.0900037
0 0.678391 0.93579 0.0436157 0.0322797
7 0.285307 0.932627 0.0487686 0.030318
3 0.480211 0.935158 0.0613319 0.0321494
1 0.507113 0.442359 0.833762 0.0416602
2 0.449571 0.296688 0.708798 0.0885044
0 0.120986 0.0845679 0.044338 0.0363328
2 0.518183 0.533586 0.859855 0.0965295
2 0.515673 0.641435 0.84937 0.0719803
2 0.376965 0.723827 0.573561 0.0342518
2 0.239901 0.774873 0.314119 0.0326203
2 0.397422 0.837586 0.634348 0.0402933
