9 0.485908 0.797648 0.909763 0.206544
8 0.549161 0.0846772 0.791417 0.0578438
2 0.0935452 0.661223 0.0864656 0.045032
3 0.48087 0.93452 0.0669309 0.0355576
0 0.676472 0.935685 0.0623889 0.0356904
2 0.887219 0.665933 0.0743401 0.0359099
2 0.225228 0.273509 0.296872 0.0893319
2 0.660349 0.274744 0.552003 0.0802386
7 0.283163 0.93361 0.057289 0.0305328
0 0.102607 0.0813432 0.0424055 0.0329838
2 0.639355 0.378826 0.561009 0.0849626
2 0.224542 0.37709 0.293085 0.0885839
2 0.22033 0.48162 0.298773 0.0888594
2 0.252505 0.664431 0.0394945 0.02686
