9 0.487829 0.797105 0.919882 0.208702
8 0.550266 0.0848565 0.791107 0.0574199
2 0.0938882 0.661283 0.0862022 0.0451678
2 0.884455 0.665457 0.0803253 0.0382547
0 0.676842 0.935556 0.0610172 0.0349356
3 0.480669 0.934792 0.0666118 0.0355488
2 0.225085 0.273468 0.297471 0.0897288
2 0.660358 0.27467 0.551581 0.0791361
7 0.283007 0.933645 0.0581572 0.0303055
2 0.723509 0.663894 0.066169 0.029862
2 0.217642 0.583875 0.289023 0.0896055
2 0.222793 0.377413 0.301358 0.0874667
0 0.102543 0.0815101 0.0429154 0.0336117
2 0.219738 0.479299 0.290374 0.0904366
2 0.645192 0.378806 0.553235 0.0838827
