9 0.487965 0.798485 0.919367 0.207134
2 0.0936235 0.661052 0.0863985 0.0451932
8 0.550096 0.0849772 0.78966 0.057681
2 0.885245 0.666041 0.0795442 0.0379939
0 0.678766 0.935074 0.0598952 0.0355738
2 0.653818 0.273539 0.533964 0.0783027
3 0.48267 0.934688 0.0655693 0.0358874
2 0.222314 0.376937 0.300957 0.0854784
2 0.22001 0.275308 0.303352 0.086049
2 0.648831 0.378496 0.562745 0.0850164
2 0.25331 0.663532 0.0505363 0.0296619
2 0.722778 0.663775 0.0642409 0.0278782
0 0.102973 0.0816361 0.044566 0.0340988
7 0.286671 0.933523 0.0615437 0.030557
3 0.286697 0.93386 0.0653257 0.0315362
