9 0.486966 0.793871 0.914731 0.215181
2 0.0944441 0.659443 0.0925858 0.0507054
0 0.116529 0.0813025 0.0530719 0.0339803
0 0.677576 0.936929 0.0621953 0.0358969
2 0.888423 0.663674 0.0862013 0.0436508
7 0.283403 0.934142 0.0583577 0.030928
2 0.300043 0.334618 0.411314 0.0455052
3 0.480232 0.935839 0.0668989 0.0361813
2 0.276991 0.396734 0.360956 0.0543022
8 0.507746 0.216533 0.889844 0.0552293
2 0.724053 0.664873 0.0737739 0.0324622
2 0.25352 0.662723 0.0510334 0.0307916
2 0.488728 0.662052 0.0485837 0.0339751
2 0.217113 0.20977 0.24334 0.0448966
8 0.503336 0.274959 0.888624 0.0586009
2 0.204845 0.271817 0.216851 0.0472529
8 0.537505 0.144889 0.92499 0.0682016
2 0.907244 0.0868503 0.061919 0.0349121
