9 0.484678 0.796688 0.928837 0.211976
2 0.527704 0.495607 0.658061 0.0837581
2 0.540632 0.284484 0.672391 0.0844634
0 0.678533 0.935061 0.0616462 0.0358481
2 0.352764 0.387585 0.528353 0.0605088
3 0.482468 0.934802 0.0662691 0.03578
0 0.123661 0.0856832 0.0569234 0.0365969
2 0.46979 0.176703 0.771986 0.072889
2 0.888744 0.6641 0.0861584 0.0418663
2 0.0951182 0.660903 0.0901005 0.0458067
7 0.286088 0.93361 0.0601262 0.0299549
2 0.887914 0.0891751 0.0620136 0.0339646
2 0.723594 0.664799 0.0723044 0.0311784
2 0.240206 0.0872675 0.0451277 0.0429664
