9 0.486018 0.795562 0.920444 0.213111
2 0.0945909 0.65972 0.0919416 0.0512814
2 0.8879 0.663551 0.0888368 0.0450841
0 0.677894 0.936929 0.0596088 0.0355186
0 0.116762 0.0811478 0.0537023 0.0337032
2 0.241491 0.334419 0.298241 0.0437425
2 0.237009 0.27223 0.287791 0.0435404
3 0.480417 0.936046 0.0669873 0.035983
2 0.489565 0.662257 0.0955716 0.037292
2 0.234144 0.210122 0.280985 0.0447806
2 0.723542 0.663046 0.103732 0.0391594
7 0.283787 0.93445 0.0601995 0.0309352
5 0.657067 0.266671 0.685867 0.34581
2 0.253713 0.661684 0.092211 0.0370256
2 0.257176 0.396814 0.328293 0.0492514
2 0.907564 0.0869479 0.0603995 0.0346797
