9 0.48474 0.797072 0.923998 0.2106
2 0.0944405 0.661155 0.0898033 0.0466853
2 0.491373 0.379307 0.579935 0.0822383
0 0.67834 0.935074 0.0619069 0.0362051
0 0.123769 0.0858712 0.0574723 0.0382425
1 0.494505 0.587388 0.842963 0.0817586
2 0.488915 0.272489 0.78583 0.0677356
3 0.482516 0.934619 0.0666102 0.0358714
2 0.722415 0.667509 0.0760727 0.0306143
2 0.88805 0.66487 0.0824977 0.0404547
2 0.471794 0.17625 0.771672 0.0726047
2 0.409116 0.485724 0.643823 0.0674181
7 0.286492 0.933016 0.0607986 0.0305993
2 0.888247 0.0894072 0.0630512 0.0351166
2 0.251679 0.663642 0.0491944 0.031198
