9 0.484574 0.797461 0.929526 0.21108
2 0.528455 0.495558 0.661492 0.0842161
2 0.539779 0.28401 0.666197 0.0842931
2 0.352861 0.387732 0.526995 0.0603441
0 0.678427 0.935096 0.0625766 0.0358966
3 0.482616 0.934561 0.0665782 0.0359225
0 0.123884 0.0857861 0.0571697 0.0374402
2 0.0951524 0.661094 0.089869 0.0460267
2 0.888604 0.664213 0.085466 0.0415682
2 0.47033 0.176742 0.771985 0.0731885
7 0.242089 0.0877021 0.0478354 0.0428655
2 0.888124 0.0890478 0.0618405 0.0339956
2 0.72266 0.66485 0.0726877 0.0319294
7 0.285931 0.93358 0.0608943 0.0301984
