9 0.487505 0.797621 0.919416 0.208858
2 0.0935293 0.661347 0.0865059 0.0454013
8 0.554197 0.0848495 0.783362 0.0578014
2 0.222352 0.376768 0.301126 0.0860852
0 0.678558 0.935201 0.0619433 0.035309
2 0.65086 0.273401 0.531942 0.0788504
2 0.884969 0.665864 0.0799223 0.0365667
2 0.220263 0.27512 0.302301 0.0863862
3 0.482772 0.934924 0.0663735 0.0360637
0 0.102751 0.0815073 0.0429985 0.033946
2 0.618854 0.377339 0.493029 0.0850372
2 0.218944 0.584803 0.295218 0.0878914
7 0.286606 0.933555 0.0612358 0.0305743
2 0.485013 0.664046 0.0485669 0.0314916
2 0.723507 0.664404 0.0590722 0.0283706
2 0.215083 0.480202 0.298229 0.0896538
