9 0.487717 0.798328 0.919943 0.207348
2 0.0949346 0.661265 0.0873279 0.04563
8 0.549601 0.0848079 0.790705 0.0580031
2 0.884964 0.66592 0.0804799 0.0380991
2 0.224718 0.273345 0.296609 0.0893348
2 0.660622 0.274371 0.550401 0.0787641
0 0.677222 0.935621 0.0597716 0.0345354
3 0.480627 0.934785 0.066421 0.0355567
7 0.283397 0.933741 0.0573177 0.0300793
2 0.721932 0.666005 0.0962206 0.0272586
0 0.102638 0.0814519 0.0424666 0.033964
2 0.486841 0.664313 0.130429 0.02821
2 0.455135 0.614446 0.17659 0.023886
2 0.62629 0.378206 0.595513 0.0839987
