9 0.484716 0.797262 0.908757 0.207513
8 0.553185 0.0847124 0.784241 0.0580173
2 0.0936204 0.661168 0.0860241 0.0453919
2 0.222433 0.376812 0.301018 0.0862103
2 0.885605 0.665997 0.0790855 0.0373769
0 0.678829 0.935156 0.0616852 0.0360019
3 0.482648 0.934747 0.0665112 0.03599
2 0.220154 0.275008 0.301795 0.0864456
2 0.651685 0.273592 0.534412 0.0785565
2 0.219003 0.584988 0.295279 0.0881717
2 0.618841 0.377277 0.492921 0.0853353
0 0.102737 0.0814803 0.0436383 0.0340487
7 0.286685 0.933198 0.060602 0.0311178
2 0.723756 0.664691 0.0600393 0.0286722
2 0.214921 0.480181 0.298537 0.0896884
2 0.484982 0.664425 0.050175 0.0325694
