9 0.488019 0.797913 0.919189 0.20858
2 0.095001 0.661269 0.0877951 0.0454834
8 0.548915 0.0847319 0.792236 0.0577893
3 0.480637 0.934652 0.0665858 0.0353873
0 0.676747 0.935622 0.0607459 0.0349979
2 0.884532 0.666185 0.0780781 0.0362391
2 0.225139 0.273433 0.296798 0.0894797
7 0.283123 0.933764 0.056954 0.0296829
2 0.660614 0.274737 0.549506 0.0801303
0 0.102543 0.0813506 0.041935 0.0326815
2 0.641137 0.378767 0.553511 0.0851912
2 0.224532 0.377185 0.293516 0.0885211
2 0.220793 0.482022 0.296182 0.08765
