9 0.483189 0.798422 0.928959 0.208519
2 0.527901 0.495724 0.659671 0.0839461
2 0.540171 0.283918 0.663755 0.0841086
0 0.678326 0.935118 0.0612612 0.0361114
3 0.482471 0.934749 0.0656412 0.0354984
2 0.888589 0.663925 0.0859868 0.0428382
0 0.12429 0.0856519 0.0588465 0.037814
2 0.355006 0.387606 0.531165 0.0607905
2 0.470282 0.176941 0.770795 0.0727511
2 0.0952772 0.660982 0.0900562 0.0458639
4 0.235519 0.0868349 0.0351717 0.0475799
2 0.88809 0.0891974 0.0629378 0.0344341
7 0.286065 0.933119 0.0609751 0.0307149
