9 0.487807 0.794253 0.917413 0.214127
2 0.0943706 0.659467 0.0924144 0.050742
8 0.513535 0.151752 0.901167 0.0642837
8 0.508748 0.213961 0.895707 0.058987
0 0.677515 0.937044 0.0615098 0.0356817
2 0.888784 0.66373 0.0859828 0.044516
0 0.116965 0.0814337 0.0539512 0.033919
2 0.487486 0.66175 0.0757053 0.0370406
7 0.283766 0.934264 0.0584465 0.0309252
2 0.723761 0.662907 0.0964933 0.0379578
2 0.261952 0.333932 0.336111 0.0459904
3 0.480283 0.935859 0.067449 0.0360861
2 0.223305 0.21095 0.257915 0.0475587
2 0.480549 0.936252 0.0673527 0.0356143
2 0.907124 0.0869493 0.0624982 0.0349006
