9 0.481838 0.800378 0.925727 0.204481
8 0.551984 0.0849148 0.787259 0.057444
2 0.0936313 0.661364 0.0863863 0.0455948
0 0.677607 0.936678 0.0600918 0.0359607
3 0.480073 0.936027 0.0668905 0.0359876
2 0.652859 0.273629 0.533294 0.0792548
2 0.222284 0.377177 0.299773 0.0890186
2 0.223126 0.273565 0.30117 0.084672
0 0.102761 0.0815953 0.0420137 0.0342534
2 0.890172 0.665929 0.0686477 0.0354415
7 0.283412 0.934638 0.0585101 0.0314844
2 0.644439 0.378066 0.55318 0.0835814
2 0.217486 0.480112 0.299651 0.0888379
