9 0.487686 0.794935 0.917414 0.213534
2 0.0943768 0.659875 0.0921382 0.0492253
2 0.887477 0.663518 0.0891115 0.0457845
0 0.677685 0.936827 0.0612241 0.0360532
2 0.620457 0.663045 0.067619 0.0380993
2 0.489513 0.661987 0.0652644 0.0359844
0 0.117468 0.0808453 0.0551903 0.0331024
2 0.753351 0.663335 0.0691569 0.0365365
7 0.283345 0.934537 0.0584177 0.0308356
2 0.227238 0.660264 0.0711579 0.0395241
3 0.48048 0.935893 0.0670922 0.0366242
2 0.358556 0.661368 0.0722507 0.03112
2 0.35868 0.247137 0.52999 0.0461858
2 0.480795 0.936328 0.0668327 0.0361759
