2 0.889102 0.0883838 0.0918576 0.047686
2 0.150333 0.881666 0.15538 0.0671249
2 0.370065 0.883485 0.148749 0.060176
3 0.480374 0.935118 0.0659086 0.03229
0 0.678466 0.935941 0.0531586 0.0331399
2 0.394393 0.338271 0.204688 0.0810387
2 0.595858 0.883654 0.111514 0.0644626
7 0.283163 0.933632 0.058521 0.0279413
2 0.770065 0.821686 0.0535298 0.0360946
2 0.607343 0.339139 0.202219 0.0827659
2 0.13738 0.083584 0.0858772 0.0446721
2 0.179126 0.338151 0.210068 0.0845778
2 0.822527 0.339493 0.210193 0.0799675
8 0.514711 0.254418 0.853051 0.0742451
4 0.879845 0.822745 0.0310235 0.0350689
8 0.467215 0.449604 0.804382 0.100857
2 0.658511 0.820888 0.0487296 0.0304348
2 0.820877 0.886447 0.193183 0.065386
