9 0.486979 0.794035 0.914317 0.213821
2 0.0939184 0.659621 0.0930164 0.0508776
2 0.888183 0.663714 0.0875327 0.0447891
0 0.678477 0.935663 0.0641899 0.0358115
0 0.123933 0.0866909 0.05649 0.0380071
3 0.482489 0.934725 0.06627 0.0356238
2 0.723095 0.663101 0.0724743 0.0366891
2 0.486572 0.662655 0.0729449 0.035321
2 0.132461 0.172325 0.0762869 0.0437828
2 0.251289 0.661521 0.051848 0.0345737
7 0.285968 0.933661 0.0608188 0.0304239
2 0.240256 0.0877263 0.04647 0.043649
2 0.888535 0.0905554 0.0697683 0.038263
