2 0.707276 0.564912 0.168663 0.089978
2 0.496465 0.447775 0.155632 0.0896545
2 0.488673 0.563798 0.144282 0.0904297
2 0.717349 0.449445 0.12829 0.0897538
2 0.278401 0.445785 0.13488 0.0911283
2 0.274335 0.562221 0.143544 0.0939343
2 0.270536 0.679337 0.174721 0.0932788
2 0.720119 0.3272 0.139302 0.0940183
2 0.28139 0.325055 0.138185 0.0940305
3 0.4806 0.934134 0.0689018 0.0342804
0 0.678515 0.933833 0.0575891 0.0367389
7 0.283956 0.931777 0.0689569 0.0353302
2 0.499903 0.327855 0.140225 0.0945802
