2 0.146928 0.876404 0.0981129 0.0588907
2 0.374114 0.875939 0.139341 0.0580731
2 0.597035 0.878522 0.137316 0.0551703
2 0.862014 0.0868338 0.0831005 0.0451274
2 0.159647 0.717292 0.145704 0.0744824
2 0.342133 0.719697 0.188074 0.077482
0 0.67924 0.937756 0.0549452 0.0323264
2 0.823788 0.879211 0.113471 0.0694937
2 0.588644 0.142269 0.157241 0.0277819
7 0.28362 0.935324 0.0584309 0.0293828
2 0.165661 0.523627 0.149035 0.0774569
4 0.857974 0.458849 0.0360526 0.0406569
0 0.873323 0.202372 0.0561206 0.0338335
2 0.387144 0.141367 0.13839 0.0295097
2 0.227952 0.290773 0.265814 0.130296
2 0.181021 0.14007 0.172705 0.0285746
2 0.470131 0.624071 0.42682 0.0781322
3 0.480553 0.936746 0.0666577 0.0318775
2 0.160599 0.620288 0.128933 0.0568285
0 0.84398 0.806478 0.0597462 0.031073
2 0.779724 0.29387 0.262824 0.125321
2 0.761906 0.0858218 0.0896025 0.0432983
2 0.480454 0.936584 0.0650704 0.0321445
