9 0.485628 0.7987 0.919114 0.207945
2 0.093046 0.66131 0.0870273 0.04543
2 0.529858 0.284075 0.686979 0.0838974
0 0.678495 0.935064 0.0616227 0.0359708
2 0.888266 0.663899 0.0867668 0.0416161
0 0.123664 0.085819 0.0568941 0.0376675
2 0.480899 0.389693 0.783433 0.0643393
3 0.482728 0.934855 0.0661424 0.0361274
2 0.450347 0.495605 0.736072 0.0829099
2 0.468938 0.176698 0.774419 0.0722522
2 0.888004 0.0899561 0.0638497 0.0361594
7 0.285967 0.933658 0.0596763 0.0303758
2 0.721539 0.665305 0.165634 0.0306039
2 0.242758 0.0875594 0.0486453 0.0418112
