9 0.484025 0.800516 0.921374 0.204584
8 0.553618 0.0848978 0.78299 0.0578864
2 0.0935958 0.661286 0.0868654 0.0455374
2 0.651679 0.273408 0.530388 0.0781295
0 0.67838 0.935216 0.0613044 0.03625
2 0.221115 0.273913 0.299631 0.0847722
3 0.482642 0.934693 0.066172 0.035975
2 0.225616 0.377083 0.298146 0.089148
2 0.221439 0.48162 0.300426 0.087379
2 0.628219 0.371626 0.509864 0.0749095
0 0.102907 0.0815636 0.0421503 0.0341303
2 0.458663 0.558489 0.187424 0.0307286
7 0.286572 0.933165 0.0605695 0.030986
2 0.886254 0.666282 0.0756492 0.0358609
2 0.462509 0.614777 0.19025 0.0272246
2 0.221269 0.585475 0.298906 0.0875075
2 0.617936 0.483174 0.491448 0.0860809
