2 0.14683 0.878537 0.10063 0.0636643
2 0.155291 0.788334 0.138242 0.07354
2 0.822176 0.879222 0.109166 0.067301
2 0.371649 0.87723 0.0847782 0.0609339
2 0.795396 0.409757 0.191034 0.0709563
2 0.597587 0.877079 0.140911 0.0602874
0 0.678426 0.937579 0.0533504 0.0333908
3 0.480814 0.936833 0.0661974 0.0328983
2 0.907276 0.0861756 0.0533884 0.0362914
7 0.283638 0.934674 0.0584281 0.0304297
0 0.116477 0.0811251 0.0564491 0.0347918
2 0.796073 0.0865718 0.0685174 0.0363675
2 0.55711 0.608774 0.622142 0.0745684
2 0.565501 0.700122 0.620298 0.0767789
6 0.584917 0.6088 0.651235 0.0747301
2 0.158803 0.694208 0.119937 0.0597531
2 0.217003 0.242205 0.194 0.0964165
1 0.577775 0.700468 0.64262 0.076049
2 0.482003 0.516727 0.755375 0.0815768
