2 0.913799 0.0883317 0.0826572 0.0459715
2 0.371549 0.883042 0.148249 0.0574565
2 0.809286 0.0881043 0.0642979 0.0360463
2 0.597676 0.883481 0.163805 0.0652542
2 0.714454 0.0858441 0.0640935 0.0361271
2 0.144709 0.881599 0.0992411 0.0644582
2 0.820358 0.888197 0.194356 0.0628583
2 0.783773 0.805669 0.264528 0.0717242
0 0.680728 0.93737 0.0532594 0.0334158
3 0.482465 0.9368 0.0666236 0.0317151
7 0.28578 0.934794 0.0593567 0.0287473
2 0.70797 0.268145 0.392798 0.172826
2 0.725848 0.805667 0.0492428 0.0335302
