9 0.486996 0.794733 0.91442 0.212404
8 0.50471 0.235246 0.867189 0.0877514
2 0.0947418 0.659902 0.0922114 0.0511204
0 0.677611 0.935827 0.06162 0.0358195
2 0.887829 0.663853 0.0874264 0.0450168
0 0.145973 0.083241 0.0616279 0.0420782
3 0.481711 0.934742 0.0658158 0.0358401
2 0.4907 0.661915 0.0672768 0.0365892
2 0.620969 0.662958 0.0713518 0.0395338
7 0.283753 0.933501 0.0583722 0.0297653
2 0.754112 0.662928 0.0759251 0.0399014
2 0.227887 0.660525 0.0731144 0.0399941
2 0.358964 0.660957 0.074693 0.0329675
2 0.888103 0.0872361 0.0890211 0.0428657
2 0.228275 0.495993 0.248296 0.0419763
