9 0.495978 0.80033 0.933648 0.204883
8 0.548983 0.0848299 0.791285 0.0579357
2 0.0950088 0.661347 0.0874581 0.0454284
2 0.222947 0.37618 0.297183 0.0840206
2 0.884738 0.665995 0.0809111 0.0383271
2 0.651548 0.273844 0.530237 0.0776914
0 0.679233 0.93546 0.0626539 0.0354955
2 0.224821 0.274547 0.300141 0.0860013
3 0.48268 0.934813 0.0656284 0.0357483
2 0.219792 0.479022 0.294741 0.0858469
2 0.649469 0.377549 0.553299 0.0845866
0 0.10263 0.0815358 0.0426472 0.0338894
7 0.28669 0.933933 0.0600837 0.0298482
3 0.286876 0.933825 0.0646418 0.0312315
2 0.221763 0.167879 0.305012 0.087087
