9 0.486372 0.794961 0.913099 0.212755
2 0.0937007 0.660123 0.0928343 0.0485411
2 0.888174 0.663178 0.0883511 0.0452789
2 0.619334 0.663046 0.0678789 0.0379202
0 0.678659 0.935532 0.0651555 0.0359448
2 0.488334 0.6619 0.0653018 0.0357709
3 0.48228 0.934614 0.0667769 0.0355643
0 0.123557 0.0860283 0.0665181 0.0401742
2 0.226799 0.660332 0.0705314 0.0387289
2 0.753719 0.663262 0.0672099 0.0358626
2 0.357677 0.661378 0.0735576 0.0312414
7 0.286061 0.93329 0.0610633 0.0308537
8 0.545871 0.0950855 0.667465 0.0525103
