9 0.487267 0.797845 0.920387 0.206464
2 0.093632 0.661403 0.0865495 0.0449835
8 0.550167 0.0845771 0.790497 0.0568674
2 0.465614 0.558264 0.199665 0.0318272
0 0.678324 0.935139 0.0625645 0.035636
3 0.482515 0.934763 0.0663746 0.0357804
2 0.885147 0.665945 0.081148 0.0373562
2 0.224815 0.274762 0.299704 0.0868245
2 0.462152 0.613248 0.194703 0.0285695
0 0.102725 0.0814078 0.0430475 0.0338254
2 0.224186 0.378405 0.301171 0.0896964
2 0.651434 0.274138 0.530885 0.0785094
7 0.286721 0.933323 0.0604884 0.0306763
2 0.722323 0.664031 0.0912867 0.0302208
2 0.222722 0.584059 0.298451 0.0864583
2 0.488437 0.662583 0.107135 0.0313315
