9 0.486305 0.793759 0.912933 0.214398
2 0.094387 0.659531 0.0924137 0.0505978
0 0.677729 0.936872 0.061008 0.0354887
0 0.116989 0.0813536 0.054295 0.0343478
2 0.889484 0.663992 0.0862104 0.0438623
7 0.283271 0.934855 0.0581175 0.0306558
3 0.480542 0.935973 0.0672501 0.0359593
2 0.253872 0.662586 0.0575305 0.0325485
2 0.309147 0.210413 0.42766 0.0477741
2 0.725549 0.663134 0.0493663 0.0337834
8 0.507463 0.276598 0.875707 0.0558214
2 0.488572 0.663713 0.0449023 0.0279263
8 0.514567 0.150081 0.891184 0.0542407
2 0.907363 0.0868805 0.0627604 0.0348698
