9 0.484483 0.795579 0.929481 0.213983
2 0.525031 0.495703 0.657548 0.0845723
2 0.53872 0.284165 0.665869 0.0843601
0 0.678483 0.934943 0.061363 0.0358133
0 0.123737 0.086805 0.0549612 0.0375242
3 0.482556 0.934743 0.0663066 0.0357813
2 0.0954605 0.661086 0.0907988 0.0462019
2 0.368929 0.38805 0.516191 0.0624645
2 0.469356 0.175579 0.768267 0.0728936
2 0.888099 0.663814 0.0871532 0.0430063
2 0.888097 0.0893177 0.0627736 0.0348496
7 0.286237 0.933535 0.060204 0.0298156
2 0.242872 0.0877385 0.0501459 0.0427238
