1 0.528361 0.730986 0.748102 0.0661838
1 0.563666 0.387202 0.713301 0.066389
2 0.754228 0.530414 0.0924073 0.0258501
2 0.236789 0.805172 0.301916 0.0477101
0 0.11756 0.086484 0.049976 0.0318348
0 0.243215 0.953289 0.0590981 0.0339157
2 0.599056 0.528946 0.118593 0.0293442
2 0.403792 0.297459 0.557957 0.0522306
3 0.492564 0.954301 0.0524304 0.0267038
7 0.743915 0.955348 0.07473 0.0352118
2 0.292271 0.162593 0.433579 0.0546584
2 0.191734 0.863425 0.217936 0.0294434
2 0.267356 0.907491 0.369065 0.0453922
