1 0.517139 0.29584 0.745011 0.0413222
1 0.498446 0.54919 0.818142 0.0345391
1 0.496597 0.655093 0.817394 0.041954
1 0.493445 0.71764 0.831053 0.0423898
0 0.243117 0.952599 0.0517901 0.0350597
1 0.492664 0.823099 0.820489 0.044203
1 0.494422 0.884374 0.830138 0.0428044
2 0.904163 0.0834008 0.0687357 0.0353713
1 0.504904 0.429445 0.81741 0.048982
0 0.118598 0.0842581 0.0649006 0.0385833
3 0.493273 0.954488 0.0521804 0.0256462
7 0.741403 0.956032 0.0565338 0.0295371
1 0.848535 0.430848 0.134529 0.04201
1 0.84109 0.715618 0.136013 0.0421787
1 0.488785 0.490059 0.782409 0.0352856
