6 0.271126 0.332048 0.339398 0.0401733
1 0.502102 0.704229 0.820742 0.0688921
6 0.242661 0.39221 0.279343 0.0382445
6 0.255581 0.450788 0.304514 0.0348972
6 0.267533 0.269288 0.337561 0.0493269
6 0.25697 0.508474 0.304151 0.0355325
6 0.265387 0.567446 0.318381 0.0362857
0 0.245765 0.951784 0.0721458 0.0363434
3 0.493195 0.953231 0.0628457 0.0303699
6 0.270519 0.627582 0.331676 0.0421005
7 0.742404 0.955522 0.0730693 0.0352112
0 0.119504 0.0825475 0.0615042 0.0338067
2 0.270605 0.627396 0.336559 0.0422026
