2 0.107123 0.666748 0.0791798 0.0440473
9 0.491707 0.805687 0.902124 0.226287
8 0.501372 0.362711 0.704261 0.0569589
7 0.740984 0.956092 0.053202 0.0374765
2 0.796421 0.414265 0.0856247 0.0225951
3 0.492952 0.953806 0.0503118 0.0307166
2 0.886844 0.668095 0.085288 0.0436114
0 0.24283 0.952477 0.0529574 0.0312574
2 0.626301 0.667259 0.0633072 0.0358112
2 0.904892 0.0842824 0.0644771 0.0338822
2 0.495801 0.666492 0.0568831 0.031008
2 0.239576 0.665705 0.062107 0.0354542
2 0.754937 0.666693 0.0718459 0.0392728
2 0.366677 0.667475 0.0679611 0.0252921
0 0.119539 0.0829535 0.0570113 0.0297107
2 0.66227 0.414094 0.112346 0.024074
