1 0.505371 0.89424 0.821793 0.0521579
0 0.242843 0.953326 0.0476558 0.030282
2 0.904106 0.0845213 0.0637859 0.0337933
6 0.192077 0.426379 0.21177 0.0392664
6 0.208579 0.616923 0.224907 0.0331184
6 0.207554 0.671936 0.230788 0.037787
2 0.270981 0.738721 0.347872 0.0520204
2 0.805333 0.0840017 0.0615168 0.0327442
2 0.715303 0.167272 0.156483 0.0792792
3 0.492954 0.954316 0.0502905 0.0259778
2 0.22994 0.814144 0.263572 0.0518428
6 0.201764 0.369063 0.222446 0.044904
7 0.742513 0.956104 0.066894 0.03197
0 0.116489 0.0835548 0.0564743 0.0289599
2 0.207597 0.672081 0.229537 0.0363327
2 0.20241 0.368768 0.224676 0.0440773
