2 0.8685 0.0844887 0.074946 0.0401962
6 0.319341 0.477619 0.330653 0.0343001
0 0.243906 0.953772 0.0583154 0.029783
2 0.262548 0.428102 0.221156 0.0343496
2 0.602102 0.903392 0.0912676 0.0568439
3 0.492402 0.954476 0.0515713 0.0270313
2 0.166344 0.904585 0.0851436 0.0644553
7 0.741583 0.955598 0.0562895 0.0295044
2 0.383635 0.902964 0.101065 0.0558998
4 0.879613 0.818187 0.0368573 0.0371242
2 0.615757 0.526511 0.225124 0.0300331
2 0.355155 0.274658 0.410617 0.0424228
2 0.785114 0.817239 0.0532347 0.0390243
2 0.152645 0.154694 0.0576024 0.0287316
