2 0.239982 0.227259 0.140337 0.0835761
2 0.329767 0.627469 0.458352 0.0449496
2 0.501967 0.338554 0.177476 0.0837951
2 0.502401 0.226854 0.132537 0.0863164
2 0.298643 0.69684 0.395382 0.0418866
2 0.237715 0.338819 0.198578 0.0804384
2 0.348991 0.764672 0.496377 0.0435047
2 0.768383 0.226121 0.12373 0.085723
2 0.7652 0.340044 0.146368 0.0827644
2 0.574134 0.864341 0.0546049 0.0369475
0 0.241664 0.9547 0.0466876 0.0293988
2 0.795427 0.089841 0.064784 0.0344831
3 0.492768 0.95449 0.0475529 0.0248581
2 0.901214 0.0886372 0.0619532 0.0341417
2 0.669512 0.865089 0.0736101 0.0265424
7 0.741837 0.95573 0.0444799 0.0264429
2 0.809379 0.500049 0.0931856 0.0702136
4 0.807264 0.49962 0.0811192 0.0681424
2 0.25591 0.864031 0.287058 0.0343329
