2 0.508518 0.434064 0.143486 0.0908589
2 0.266724 0.435055 0.147593 0.0914079
2 0.751025 0.434024 0.153081 0.0941699
2 0.750128 0.334268 0.14779 0.0782898
2 0.510064 0.319283 0.149657 0.105119
2 0.266214 0.331473 0.146643 0.0724756
1 0.512679 0.886075 0.807864 0.0672555
2 0.904438 0.0854927 0.0673728 0.0388414
2 0.875823 0.632264 0.0549625 0.0289917
1 0.504983 0.81071 0.805822 0.0425005
2 0.805869 0.0849048 0.0682389 0.040843
7 0.742862 0.955973 0.0638791 0.0313936
0 0.119469 0.0831736 0.0608529 0.0327559
2 0.874381 0.748948 0.0633621 0.0340121
3 0.492337 0.953744 0.0427869 0.0238343
2 0.276164 0.961506 0.34113 0.0515195
