2 0.508444 0.434067 0.143494 0.090965
2 0.750818 0.434158 0.147075 0.0935768
2 0.266209 0.435093 0.148466 0.0916351
2 0.75002 0.333266 0.149325 0.0772623
2 0.509895 0.319058 0.149251 0.104134
2 0.266087 0.332082 0.146963 0.0732665
1 0.51019 0.886033 0.806537 0.0648187
2 0.904308 0.0852827 0.0666392 0.038359
1 0.50535 0.809212 0.809055 0.0458511
2 0.875755 0.632268 0.0545048 0.0296223
2 0.805234 0.0844171 0.0660372 0.0397078
7 0.742325 0.956008 0.0624073 0.0308402
0 0.118791 0.0828346 0.0621161 0.0342822
2 0.874038 0.748666 0.0652052 0.034368
