1 0.495945 0.832862 0.834588 0.0607227
1 0.498699 0.299356 0.834324 0.0633227
1 0.496126 0.207699 0.83513 0.0650594
1 0.49778 0.661611 0.822704 0.0709467
1 0.489335 0.567828 0.832812 0.0631226
1 0.494993 0.479931 0.841493 0.0614714
1 0.492283 0.916613 0.823407 0.0453185
1 0.492431 0.754031 0.836269 0.0500791
1 0.494455 0.389026 0.83516 0.0592682
0 0.242108 0.953694 0.0502174 0.0309686
0 0.119324 0.0787666 0.0575973 0.0299143
3 0.492794 0.954292 0.0525358 0.0256379
7 0.74362 0.956135 0.0644284 0.0301395
