8 0.494245 0.365489 0.810389 0.0748802
2 0.106917 0.666764 0.0795255 0.0431357
9 0.485504 0.807024 0.914651 0.226909
2 0.626269 0.668382 0.0558279 0.0295795
2 0.755993 0.667496 0.0556678 0.0303191
7 0.741349 0.955957 0.0527874 0.0362305
3 0.49326 0.953816 0.0492255 0.0323503
2 0.80381 0.613124 0.178309 0.0551278
0 0.24304 0.952812 0.0534417 0.0320212
2 0.888037 0.668253 0.0605111 0.0328869
2 0.496223 0.666444 0.0576099 0.0303711
2 0.239837 0.665565 0.0649919 0.0367041
2 0.365795 0.666834 0.070179 0.0268542
