2 0.495754 0.85648 0.159289 0.0840353
2 0.494327 0.775665 0.275173 0.0451132
2 0.711947 0.858509 0.121099 0.0656494
2 0.684871 0.0942143 0.0697445 0.0454782
2 0.865304 0.0943473 0.0698765 0.0396503
2 0.148499 0.0915618 0.0760366 0.0507106
2 0.717113 0.777177 0.114303 0.0301365
3 0.492759 0.95408 0.0564861 0.0264834
2 0.505563 0.0947473 0.0795509 0.0403187
2 0.326443 0.0945511 0.0834349 0.0419565
2 0.881365 0.778038 0.0886389 0.0260123
0 0.242666 0.953756 0.0639785 0.0343631
7 0.74271 0.955913 0.0627788 0.0312909
2 0.242187 0.95407 0.0649573 0.0363385
