1 0.497545 0.893498 0.821086 0.05565
1 0.500655 0.573473 0.822279 0.0715694
1 0.503557 0.668477 0.841551 0.0740324
1 0.509567 0.169816 0.761491 0.0466608
0 0.244262 0.952357 0.0498912 0.0273401
1 0.502868 0.479322 0.832342 0.069154
0 0.119161 0.083329 0.0529449 0.0304914
2 0.286062 0.759061 0.383924 0.0492945
1 0.512604 0.321001 0.828987 0.0477317
7 0.74396 0.955264 0.0581467 0.0276999
2 0.274927 0.391492 0.364651 0.0501315
2 0.903535 0.0836102 0.0650768 0.033341
3 0.492042 0.95389 0.0483005 0.023382
2 0.227561 0.824665 0.261547 0.0308697
