2 0.510873 0.309479 0.144148 0.0916823
2 0.753801 0.310476 0.148068 0.0969665
2 0.267032 0.310771 0.147316 0.0930412
2 0.277784 0.845192 0.349508 0.0567636
2 0.269056 0.206339 0.142332 0.0739358
2 0.755242 0.205866 0.148079 0.0781121
2 0.512009 0.191164 0.150613 0.109526
2 0.903955 0.0842931 0.0649539 0.0332266
2 0.80445 0.0836098 0.0629339 0.0328561
2 0.875514 0.626894 0.0622258 0.0346941
1 0.508785 0.688131 0.808226 0.0429302
1 0.511142 0.763842 0.809424 0.0678432
2 0.878647 0.510308 0.0542307 0.0288696
0 0.244024 0.953202 0.0674871 0.0387466
3 0.493048 0.954391 0.0508109 0.0297769
7 0.743571 0.955207 0.0762392 0.0393848
0 0.116966 0.0834456 0.0580586 0.0300705
