2 0.107225 0.667095 0.079213 0.0441119
9 0.491158 0.805764 0.902279 0.226381
8 0.500886 0.367425 0.69691 0.0501078
7 0.740538 0.955833 0.0527799 0.0367846
2 0.886553 0.668446 0.0846066 0.043604
3 0.492831 0.953962 0.0502563 0.0307655
0 0.243801 0.953133 0.0503099 0.0311083
2 0.796896 0.418409 0.0820141 0.0246528
2 0.905069 0.0843784 0.0647466 0.0343355
2 0.626499 0.667536 0.0635711 0.0348718
2 0.496061 0.666818 0.0565419 0.0305447
2 0.239355 0.665792 0.0614404 0.0351434
2 0.755096 0.666847 0.0724096 0.0390494
2 0.145754 0.619707 0.063242 0.0315177
2 0.367821 0.667323 0.0637157 0.0219125
0 0.119373 0.0829051 0.0575042 0.0303794
