0 0.242389 0.953968 0.050596 0.0326053
2 0.350174 0.868294 0.494998 0.0356545
2 0.51286 0.414145 0.810383 0.0379941
2 0.476457 0.673134 0.748147 0.0372367
2 0.477182 0.283637 0.751756 0.0389824
2 0.435345 0.349732 0.669942 0.0387308
2 0.343476 0.803808 0.49103 0.0358447
2 0.324062 0.609421 0.429358 0.0376923
2 0.457027 0.739337 0.712354 0.0398333
2 0.353757 0.545917 0.485259 0.0388217
2 0.403723 0.480338 0.590733 0.039648
0 0.117568 0.0834398 0.0516023 0.0300924
3 0.493272 0.954666 0.049093 0.0244853
2 0.393506 0.215643 0.594168 0.0412245
7 0.742711 0.955424 0.0507597 0.0273378
