2 0.408713 0.750186 0.660783 0.0437653
2 0.162561 0.19899 0.16254 0.0555025
2 0.191814 0.31309 0.221696 0.0479375
2 0.227728 0.496223 0.298539 0.0511517
0 0.243355 0.952748 0.0572622 0.0296478
2 0.390007 0.823081 0.62929 0.0481091
2 0.269775 0.387276 0.373956 0.0505039
2 0.316695 0.677178 0.476759 0.0471008
2 0.264926 0.569222 0.372346 0.0500877
3 0.492781 0.953344 0.0575606 0.0274718
0 0.117166 0.0840673 0.0524439 0.0310071
7 0.743058 0.955694 0.0675793 0.0316034
2 0.307202 0.891747 0.446013 0.0404596
