2 0.37857 0.877118 0.370771 0.0250102
2 0.222785 0.711058 0.26994 0.0396084
0 0.118648 0.0861687 0.0543969 0.0306673
0 0.241053 0.949687 0.050916 0.0407047
3 0.492857 0.954124 0.0489258 0.0246555
2 0.276102 0.599531 0.378822 0.0449181
7 0.743007 0.95587 0.0638715 0.0316947
2 0.264573 0.319889 0.287667 0.0446304
2 0.121892 0.376095 0.0563423 0.0282626
2 0.26935 0.544726 0.355519 0.0458388
2 0.330755 0.491421 0.259317 0.0415282
2 0.284158 0.206657 0.37607 0.0464652
2 0.282063 0.434043 0.375529 0.0459308
