1 0.501067 0.911492 0.806422 0.0470519
1 0.50537 0.728575 0.815163 0.0552394
1 0.505998 0.404883 0.837288 0.0515233
0 0.242248 0.954159 0.0484828 0.0297317
2 0.905275 0.084795 0.0660167 0.035461
2 0.297779 0.601244 0.400107 0.0526611
3 0.493492 0.954602 0.0500119 0.0260159
7 0.742018 0.956705 0.0649392 0.0320593
2 0.308512 0.727197 0.421986 0.0500989
2 0.263532 0.333091 0.326697 0.0536123
2 0.8066 0.0844434 0.0606771 0.0340759
0 0.118501 0.0839969 0.0573492 0.0338852
2 0.297905 0.520712 0.397609 0.0560265
2 0.296415 0.792147 0.401061 0.0347279
