1 0.496356 0.551045 0.84341 0.0680409
1 0.492671 0.379693 0.832442 0.067794
1 0.504059 0.15293 0.850207 0.0597044
1 0.499549 0.237323 0.845393 0.0602155
1 0.494094 0.698412 0.834022 0.0687273
1 0.497012 0.78924 0.834801 0.06766
1 0.488624 0.463423 0.839665 0.0536768
0 0.242663 0.952285 0.0554098 0.0303391
1 0.494727 0.882585 0.827282 0.0615971
3 0.493113 0.953652 0.0486969 0.0260898
0 0.119128 0.0865962 0.0496125 0.0310056
7 0.744019 0.955594 0.0679118 0.0311262
2 0.49024 0.465133 0.828212 0.0501523
