2 0.394202 0.481819 0.146107 0.103666
2 0.391225 0.748899 0.175135 0.102373
2 0.595517 0.481683 0.187976 0.0998523
2 0.391928 0.617214 0.14462 0.10171
2 0.791909 0.751762 0.174866 0.100208
2 0.591203 0.753119 0.154302 0.0981932
2 0.795974 0.483266 0.175632 0.102343
2 0.396417 0.345599 0.147072 0.10195
2 0.196747 0.481592 0.182432 0.102166
2 0.600564 0.344647 0.189945 0.101009
2 0.604958 0.208354 0.18032 0.100327
2 0.592319 0.618138 0.145123 0.104942
2 0.805884 0.208867 0.146715 0.109147
2 0.396992 0.207374 0.153709 0.097426
2 0.195551 0.210055 0.143274 0.107047
2 0.192873 0.345886 0.174562 0.101831
2 0.195308 0.75278 0.124176 0.0963202
2 0.58993 0.883799 0.159375 0.0970498
2 0.191538 0.874226 0.138997 0.0841055
2 0.385395 0.86931 0.152193 0.0737015
2 0.193669 0.621712 0.121077 0.0990167
0 0.243966 0.953176 0.0510275 0.0272281
2 0.791915 0.619612 0.133265 0.107074
2 0.804063 0.34912 0.129506 0.11018
3 0.492613 0.954076 0.0470209 0.0259932
2 0.389552 0.921036 0.178545 0.0233488
7 0.742717 0.9545 0.0546294 0.0278537
4 0.869736 0.107553 0.0397273 0.046979
3 0.507107 0.0405497 0.114877 0.0509616
8 0.50636 0.107302 0.766943 0.0685149
2 0.792082 0.882759 0.168228 0.0959106
