2 0.318497 0.804058 0.436632 0.042756
2 0.312861 0.226281 0.417641 0.0524396
2 0.237788 0.466471 0.263102 0.0443031
2 0.242752 0.746645 0.278538 0.0429358
2 0.272663 0.864902 0.341177 0.0433846
2 0.28923 0.405131 0.368015 0.0460902
2 0.319361 0.155049 0.438163 0.0491638
0 0.241732 0.953706 0.044692 0.0286713
2 0.262519 0.687585 0.315702 0.0421421
2 0.239803 0.523366 0.26505 0.041732
2 0.28858 0.297107 0.368557 0.0482161
0 0.117655 0.0832739 0.0572408 0.0311932
7 0.742657 0.9553 0.0692463 0.0363891
3 0.49358 0.95408 0.0501392 0.0256092
2 0.278843 0.921754 0.363187 0.0367398
4 0.911208 0.0833644 0.035257 0.0328761
