9 0.492048 0.806853 0.900683 0.226018
2 0.886232 0.668557 0.0818849 0.0424936
7 0.740595 0.955963 0.0526678 0.0358416
3 0.493059 0.953753 0.050273 0.0308876
2 0.626475 0.666744 0.0568325 0.037581
2 0.860362 0.608587 0.0721315 0.0420836
2 0.801295 0.142467 0.300861 0.0694182
0 0.24256 0.952529 0.0521068 0.0308637
2 0.75552 0.666203 0.0635671 0.0369865
2 0.106239 0.667217 0.0809597 0.0439514
2 0.903123 0.079152 0.0586275 0.0337193
0 0.117087 0.0773946 0.064194 0.0346695
8 0.551916 0.0846738 0.767341 0.0465326
2 0.496241 0.666661 0.0523869 0.0308405
