2 0.393149 0.48403 0.556779 0.0616551
2 0.395578 0.382202 0.555624 0.0670868
2 0.794167 0.0891612 0.0605667 0.0354361
2 0.33223 0.585385 0.436454 0.0603758
2 0.393199 0.738234 0.556349 0.0618896
2 0.688682 0.089898 0.0676357 0.0323719
2 0.402457 0.276254 0.57379 0.0652085
0 0.24144 0.954028 0.0555185 0.0277086
3 0.492791 0.954649 0.0474901 0.0248996
2 0.154426 0.170145 0.177177 0.0809001
4 0.901264 0.0890286 0.0293278 0.0387616
2 0.383193 0.839063 0.531733 0.0656587
7 0.742081 0.955637 0.0446989 0.0257556
0 0.117472 0.0865264 0.0481517 0.0282217
8 0.44887 0.146468 0.404623 0.0346605
8 0.417607 0.0902728 0.463594 0.0387162
