2 0.880139 0.0847951 0.0752658 0.0430766
2 0.526421 0.206466 0.141364 0.030186
7 0.740313 0.956212 0.0624121 0.0318642
2 0.367862 0.206272 0.103206 0.0260148
0 0.244063 0.953329 0.0538682 0.027305
2 0.13892 0.0845108 0.0753957 0.0422362
4 0.862805 0.34155 0.0326175 0.0334044
2 0.167042 0.90581 0.090261 0.050457
2 0.818937 0.904283 0.190976 0.0595385
2 0.382132 0.884432 0.153004 0.0973106
2 0.492672 0.955415 0.0465417 0.025551
2 0.571211 0.889461 0.163433 0.100221
3 0.492332 0.955538 0.0475323 0.0252588
