6 0.339175 0.73425 0.361156 0.0311844
6 0.266051 0.686992 0.215834 0.0323422
6 0.370383 0.449475 0.414459 0.0312399
6 0.358106 0.303127 0.395932 0.0346252
6 0.363219 0.496529 0.402959 0.0322697
6 0.300813 0.353214 0.283892 0.0321176
6 0.346342 0.205921 0.379912 0.0388137
6 0.273358 0.400944 0.227184 0.0318956
6 0.255351 0.639521 0.193495 0.0317456
6 0.337559 0.54575 0.361971 0.0308161
6 0.288845 0.255169 0.261017 0.0349189
0 0.24446 0.951659 0.065093 0.0337335
2 0.770989 0.885258 0.13479 0.0274719
6 0.384917 0.592849 0.453715 0.0315607
6 0.367326 0.781753 0.421903 0.0304703
6 0.376495 0.155412 0.445327 0.0389234
6 0.25014 0.82865 0.190133 0.0304873
3 0.493488 0.954094 0.0537029 0.0266955
7 0.74241 0.955789 0.0655783 0.0313423
