2 0.587831 0.86038 0.184312 0.0980005
2 0.592486 0.725855 0.187475 0.0971814
2 0.600624 0.319228 0.179839 0.113516
2 0.397095 0.46514 0.130649 0.0943935
2 0.390841 0.860388 0.142179 0.0959712
2 0.593868 0.597213 0.174348 0.0953514
2 0.390575 0.726615 0.139293 0.0977618
2 0.18997 0.726755 0.173869 0.0981488
2 0.399235 0.185095 0.151196 0.0973646
2 0.399149 0.32422 0.140735 0.102333
2 0.189818 0.860647 0.174131 0.102062
2 0.200052 0.181035 0.181864 0.103478
2 0.195736 0.460002 0.17205 0.102364
2 0.796704 0.460172 0.173039 0.102756
2 0.798818 0.599182 0.150794 0.103363
2 0.805518 0.187752 0.17439 0.10549
2 0.788728 0.860709 0.174272 0.099584
2 0.594552 0.184709 0.149906 0.101737
2 0.391814 0.594681 0.139858 0.0950204
2 0.595259 0.461946 0.131479 0.101319
2 0.194001 0.32209 0.150164 0.105621
2 0.194928 0.598606 0.141882 0.0997042
2 0.805355 0.328161 0.142647 0.103647
2 0.796002 0.729228 0.118762 0.109427
0 0.245202 0.952097 0.0436216 0.0292544
4 0.870071 0.107324 0.0369716 0.0441614
7 0.742586 0.954483 0.051492 0.0267344
3 0.509146 0.0397704 0.0960498 0.0468445
3 0.491942 0.953908 0.0426352 0.0255635
