2 0.601981 0.886799 0.0947086 0.0683996
2 0.385954 0.885287 0.140256 0.0723479
2 0.823375 0.887462 0.155681 0.0716295
3 0.492648 0.954478 0.0468483 0.0277524
0 0.243774 0.953253 0.0505021 0.0329465
2 0.164114 0.8877 0.162803 0.0641962
7 0.74201 0.95614 0.0584202 0.0314398
6 0.322144 0.495877 0.332319 0.0360719
2 0.897625 0.0887843 0.0764163 0.0395063
2 0.654061 0.758089 0.0518756 0.0377893
2 0.284842 0.397493 0.252517 0.0410239
2 0.87139 0.847256 0.0347968 0.0319504
2 0.485014 0.280452 0.48006 0.047719
8 0.481474 0.281796 0.47697 0.0531637
