2 0.79396 0.088895 0.0615399 0.0343794
0 0.240623 0.953842 0.0537526 0.0316865
2 0.688794 0.0897577 0.0692671 0.0316188
2 0.498198 0.585311 0.432957 0.0607246
7 0.741221 0.956255 0.0411883 0.0295178
3 0.49245 0.954575 0.0563104 0.0274274
2 0.504045 0.482553 0.439842 0.0617242
4 0.900728 0.0883756 0.0282478 0.0357593
2 0.495417 0.14827 0.192008 0.029182
2 0.505371 0.688571 0.44051 0.0619506
0 0.117529 0.086339 0.049851 0.0281286
2 0.500187 0.379377 0.429408 0.0635959
2 0.169084 0.272313 0.204655 0.107296
