1 0.512211 0.596748 0.808965 0.0605562
1 0.516003 0.340732 0.815176 0.061803
1 0.503356 0.758689 0.835226 0.0633151
1 0.514654 0.432177 0.805152 0.0613562
1 0.506379 0.514767 0.817123 0.0468935
1 0.513569 0.24661 0.823564 0.06509
1 0.52203 0.15126 0.820626 0.0614658
0 0.119777 0.0786556 0.0568867 0.0304655
2 0.423495 0.678125 0.648794 0.0467429
0 0.244328 0.951507 0.0664431 0.0401271
3 0.493199 0.952238 0.0627179 0.0350596
2 0.49561 0.758213 0.79824 0.0674564
7 0.743439 0.955337 0.0730554 0.0355525
