1 0.517049 0.295981 0.746221 0.0412328
1 0.503516 0.5517 0.801154 0.0388138
1 0.496602 0.656267 0.813458 0.0396642
1 0.496666 0.883949 0.82993 0.0418131
1 0.494473 0.822833 0.824322 0.044411
1 0.49284 0.717043 0.83205 0.0422244
0 0.243125 0.952476 0.0511968 0.0353833
1 0.507055 0.430625 0.813452 0.0482511
2 0.904525 0.0831988 0.0687371 0.0354775
0 0.118477 0.0841943 0.0643015 0.039565
3 0.493822 0.95459 0.05185 0.0249573
7 0.741676 0.956006 0.0563954 0.0294574
1 0.492958 0.491295 0.793876 0.0385591
1 0.841628 0.715708 0.135691 0.0428415
