2 0.383275 0.900964 0.0895861 0.0612244
2 0.167706 0.903055 0.111491 0.0536893
2 0.162717 0.758 0.137954 0.0314765
2 0.603272 0.90082 0.104975 0.0655601
0 0.243723 0.954958 0.0544216 0.0314099
2 0.181428 0.71358 0.176422 0.0313309
2 0.212182 0.802665 0.236043 0.0346036
2 0.214713 0.578809 0.243701 0.0399137
2 0.184626 0.847797 0.181132 0.0333737
3 0.492467 0.954683 0.0490129 0.0249423
7 0.741496 0.956434 0.056675 0.0290879
2 0.211226 0.667998 0.22835 0.0375085
2 0.819184 0.899093 0.0828544 0.0500342
2 0.260462 0.487185 0.345896 0.0765172
