2 0.389228 0.866595 0.146932 0.100081
2 0.593206 0.600938 0.187523 0.100931
2 0.591607 0.735548 0.187909 0.096877
2 0.589701 0.867272 0.138206 0.0973199
2 0.390499 0.734971 0.146705 0.0987155
2 0.194554 0.601693 0.173297 0.100339
2 0.792946 0.734607 0.18065 0.109711
2 0.606005 0.190162 0.182201 0.109649
2 0.193621 0.732568 0.171088 0.101578
2 0.399027 0.191703 0.141548 0.100472
2 0.3995 0.335344 0.133419 0.0965593
2 0.194318 0.330173 0.168451 0.105344
2 0.801095 0.329829 0.173844 0.103204
2 0.389762 0.600739 0.142898 0.0988256
2 0.597536 0.468251 0.172532 0.0947797
2 0.800645 0.471647 0.13896 0.106689
2 0.393201 0.465591 0.14406 0.0952454
2 0.808896 0.195741 0.144152 0.100422
2 0.19768 0.188216 0.152816 0.114124
2 0.196939 0.471222 0.139203 0.101839
2 0.185585 0.868702 0.12378 0.102106
2 0.59657 0.332553 0.136023 0.103519
2 0.797095 0.600775 0.128208 0.113522
0 0.244922 0.952402 0.054543 0.0287006
2 0.793777 0.870622 0.173928 0.107796
3 0.491199 0.954685 0.0551998 0.0263525
4 0.868595 0.106474 0.0343837 0.0423813
8 0.481649 0.104092 0.719302 0.0605153
3 0.508555 0.0395944 0.0995638 0.0475329
7 0.740396 0.952656 0.0492286 0.02351
