2 0.476113 0.741004 0.760164 0.0483772
2 0.468321 0.435846 0.73625 0.0499033
2 0.288396 0.586586 0.376709 0.0496404
2 0.392864 0.664336 0.589113 0.0472452
0 0.243246 0.952916 0.0500257 0.030524
1 0.510708 0.36471 0.82592 0.0492305
2 0.235452 0.508566 0.275247 0.0513983
2 0.399151 0.816343 0.612582 0.050705
3 0.493195 0.954305 0.0447968 0.0255514
2 0.805929 0.0840897 0.0627206 0.0339269
2 0.904234 0.0840209 0.0609529 0.0328418
0 0.117972 0.082777 0.0563013 0.0295947
7 0.742589 0.955914 0.0534527 0.0284503
1 0.508653 0.160497 0.842499 0.0535238
