1 0.497834 0.888799 0.814865 0.0547876
0 0.243034 0.953098 0.0495976 0.0312717
1 0.503224 0.789162 0.796969 0.0731313
1 0.501867 0.475822 0.843565 0.0596287
2 0.905267 0.0846939 0.0645407 0.0343407
3 0.493267 0.954156 0.0474192 0.0255237
1 0.503549 0.625459 0.830101 0.0515364
7 0.742041 0.956324 0.0610711 0.0298325
0 0.118498 0.0843413 0.0596825 0.0357295
2 0.293923 0.39303 0.403419 0.0534035
2 0.806156 0.0844357 0.060253 0.0327259
1 0.506158 0.70078 0.821533 0.0532758
2 0.327882 0.55079 0.460249 0.054052
