2 0.215269 0.628747 0.239684 0.0385758
2 0.238997 0.791191 0.294503 0.037312
0 0.119115 0.0787841 0.0560037 0.0321449
0 0.243098 0.954493 0.0565446 0.0356524
2 0.21487 0.574169 0.231873 0.0384052
2 0.236501 0.851957 0.306964 0.0384247
3 0.492865 0.954015 0.0499678 0.0272804
2 0.247493 0.736421 0.245327 0.0374473
7 0.74309 0.955824 0.0626868 0.0314885
2 0.290956 0.193786 0.40011 0.0488547
2 0.236803 0.683238 0.259263 0.0408771
2 0.287739 0.137305 0.391838 0.0409736
2 0.305523 0.249005 0.424293 0.0464432
2 0.340395 0.524337 0.494101 0.0441014
