2 0.807403 0.321666 0.193135 0.0731647
0 0.243225 0.952582 0.0456052 0.0273123
2 0.400564 0.319349 0.191227 0.0743756
2 0.867927 0.0853301 0.0812185 0.0417919
3 0.49251 0.954395 0.0448862 0.0247113
2 0.384123 0.906605 0.101147 0.0515576
7 0.741298 0.955244 0.0535785 0.029823
4 0.881041 0.816984 0.0278524 0.035651
2 0.600972 0.31896 0.195145 0.0671033
2 0.600261 0.905455 0.0978503 0.0565665
2 0.19533 0.320019 0.2008 0.0713173
2 0.150749 0.083042 0.0784097 0.0418169
2 0.822374 0.903478 0.174373 0.0627197
2 0.63195 0.523425 0.0933434 0.0497563
2 0.919485 0.444871 0.0687837 0.0291991
8 0.505292 0.426413 0.851701 0.0983661
