1 0.517221 0.295971 0.745919 0.0415624
1 0.498188 0.655929 0.815556 0.0411332
1 0.501736 0.551415 0.798683 0.0385758
1 0.493825 0.717227 0.833846 0.0426916
1 0.495144 0.883087 0.827265 0.0428726
1 0.493698 0.824519 0.82351 0.0431928
0 0.243456 0.952622 0.0533646 0.034549
0 0.11877 0.0846367 0.0648386 0.0378577
2 0.904048 0.0834339 0.0687447 0.0358019
7 0.741991 0.956035 0.0570062 0.0298993
3 0.493515 0.954245 0.0540268 0.0255865
1 0.506097 0.430128 0.813245 0.0487274
1 0.490551 0.49124 0.801504 0.0385073
1 0.849762 0.431074 0.136899 0.0424244
