9 0.495806 0.806791 0.892493 0.227685
7 0.741053 0.955885 0.0523445 0.0359518
2 0.886366 0.668452 0.0786577 0.0410968
3 0.493287 0.954117 0.0504389 0.0313297
0 0.242798 0.952588 0.0516653 0.0317984
2 0.759416 0.414205 0.0976951 0.0510233
2 0.215132 0.512294 0.213892 0.0348721
2 0.253387 0.567238 0.286477 0.047188
2 0.731729 0.669746 0.0478169 0.0248694
2 0.225073 0.461466 0.233568 0.0368158
2 0.217338 0.408942 0.22555 0.0325159
6 0.108398 0.665981 0.0747268 0.0378274
2 0.768384 0.142413 0.118597 0.0339308
2 0.241553 0.302214 0.265921 0.0378403
2 0.881837 0.0838222 0.057872 0.0297918
