2 0.42408 0.484674 0.58279 0.0571591
2 0.417726 0.587258 0.588482 0.0563522
2 0.421487 0.690932 0.585514 0.0573889
2 0.416666 0.792622 0.572913 0.0611124
2 0.42343 0.379805 0.588141 0.0598613
0 0.24157 0.954594 0.0567365 0.0294376
2 0.794241 0.0892866 0.0597055 0.0336296
3 0.493145 0.954363 0.0498638 0.0248129
4 0.901186 0.0883757 0.0279689 0.0372443
0 0.118221 0.0868884 0.0463831 0.0283983
2 0.416979 0.27468 0.565651 0.0628706
2 0.688586 0.0894044 0.0652977 0.03125
7 0.742068 0.955607 0.0455261 0.0243951
2 0.344416 0.147599 0.179554 0.0248471
2 0.154304 0.16965 0.175847 0.0815832
2 0.526739 0.149092 0.0926168 0.0259903
