0 0.24174 0.954062 0.0558507 0.0310059
3 0.492993 0.954827 0.0484318 0.0263528
2 0.848719 0.874605 0.125773 0.0704987
2 0.732204 0.224971 0.192529 0.0278746
2 0.498973 0.754099 0.448051 0.0647832
2 0.738407 0.179823 0.209205 0.0262596
0 0.118141 0.0868167 0.0469961 0.0288535
2 0.412233 0.65243 0.266717 0.0647407
7 0.742909 0.955794 0.0533161 0.0285178
2 0.439677 0.454958 0.31504 0.0775725
4 0.902262 0.0871103 0.027684 0.0322765
2 0.490709 0.855192 0.426929 0.0623142
2 0.196491 0.146057 0.188365 0.0454814
