1 0.49946 0.721105 0.817107 0.0559088
2 0.352512 0.327957 0.505264 0.0544458
1 0.498789 0.591639 0.823796 0.0367166
1 0.508468 0.24985 0.829319 0.0600034
2 0.28841 0.165784 0.387438 0.0575781
1 0.492115 0.790462 0.820017 0.0476083
2 0.298439 0.406585 0.398895 0.0532218
2 0.90306 0.0842069 0.0633224 0.0340169
1 0.500123 0.473788 0.842502 0.049706
1 0.500771 0.650226 0.829752 0.0415842
2 0.806368 0.084183 0.06368 0.0345817
1 0.440972 0.941602 0.696916 0.0591931
1 0.500605 0.531725 0.828008 0.0398846
0 0.11789 0.0829569 0.0553928 0.0295138
7 0.743194 0.955928 0.0655436 0.0307538
1 0.84484 0.531533 0.137771 0.0415832
2 0.394789 0.856198 0.607935 0.05189
