9 0.491391 0.807152 0.903013 0.226011
8 0.513238 0.579775 0.747226 0.0516586
8 0.521575 0.224436 0.782466 0.0683594
8 0.496035 0.440884 0.783169 0.0541131
8 0.490986 0.510633 0.792109 0.0504642
8 0.489937 0.370781 0.800271 0.0587343
8 0.496721 0.300095 0.809416 0.0590998
2 0.107247 0.667455 0.0765921 0.0405295
2 0.625699 0.667007 0.0566767 0.0372473
2 0.495653 0.666657 0.0511234 0.0313457
7 0.740877 0.955945 0.0524361 0.0357492
2 0.754573 0.66711 0.0584731 0.0351614
2 0.886475 0.669821 0.0793004 0.0391351
3 0.493293 0.953791 0.0504893 0.031082
0 0.242677 0.953042 0.0525719 0.031973
0 0.116654 0.0894966 0.0457739 0.0370647
2 0.892537 0.0918411 0.0655285 0.0365627
2 0.365812 0.666822 0.0666963 0.0274988
2 0.240767 0.667435 0.0588577 0.0336459
2 0.243255 0.369573 0.269661 0.0538008
