2 0.59538 0.640308 0.174134 0.108233
2 0.79176 0.777431 0.170961 0.10027
2 0.395263 0.64441 0.138839 0.0968045
2 0.196707 0.504173 0.170084 0.100096
2 0.597372 0.37271 0.148573 0.105504
2 0.808817 0.209731 0.153488 0.118345
2 0.393323 0.779516 0.136852 0.0900421
2 0.19326 0.776532 0.162958 0.0983379
2 0.601505 0.214639 0.14418 0.10698
2 0.803368 0.379821 0.186891 0.0979934
2 0.191795 0.641468 0.148719 0.10151
2 0.399703 0.375462 0.187699 0.099096
2 0.592665 0.777924 0.129056 0.0969854
2 0.195404 0.213769 0.16271 0.108859
2 0.197185 0.367613 0.16085 0.10405
2 0.399137 0.511574 0.144517 0.0939666
2 0.795835 0.647944 0.140189 0.101628
2 0.801283 0.509745 0.181383 0.105043
2 0.390089 0.896636 0.138983 0.0717725
2 0.390861 0.21587 0.139585 0.104296
2 0.593054 0.50909 0.151965 0.1002
2 0.18433 0.893924 0.113774 0.065849
2 0.791246 0.89529 0.128644 0.0720505
2 0.591626 0.898169 0.155411 0.0685544
8 0.518676 0.106294 0.791873 0.070313
4 0.869031 0.107649 0.0402853 0.0462335
3 0.50672 0.0406041 0.11509 0.0502873
