2 0.196959 0.377556 0.161976 0.0984727
2 0.596255 0.511987 0.171912 0.107112
2 0.600886 0.241171 0.151939 0.109601
2 0.591738 0.783406 0.178798 0.096951
2 0.401773 0.241066 0.185082 0.102763
2 0.387927 0.904351 0.13969 0.0741223
2 0.395423 0.653539 0.136945 0.0936334
2 0.194961 0.650905 0.169732 0.0988724
2 0.794829 0.64964 0.167631 0.100177
2 0.800871 0.381898 0.17663 0.102781
2 0.397699 0.382226 0.150374 0.0956644
2 0.804542 0.243391 0.186389 0.105212
2 0.389429 0.7827 0.141863 0.095605
2 0.396114 0.516104 0.140761 0.0971191
2 0.591167 0.38368 0.159513 0.0984596
2 0.197575 0.23681 0.155592 0.113146
2 0.799122 0.521429 0.138921 0.0975944
2 0.193739 0.516574 0.151752 0.101714
2 0.793354 0.786496 0.14472 0.101068
2 0.189237 0.783674 0.145592 0.0995346
2 0.592819 0.649882 0.13206 0.103779
2 0.190867 0.897388 0.138979 0.0634854
2 0.589146 0.903006 0.142446 0.0738007
4 0.869283 0.107987 0.0419362 0.046912
2 0.788377 0.901727 0.149564 0.0732126
3 0.505783 0.0411201 0.119085 0.0515831
8 0.500939 0.107323 0.767457 0.069599
