2 0.844385 0.905934 0.0686519 0.0567981
2 0.254286 0.632107 0.170518 0.0866513
2 0.322393 0.905235 0.0913353 0.053048
0 0.242218 0.954848 0.0679531 0.0298227
2 0.490265 0.906054 0.0930122 0.0456035
2 0.806301 0.0800186 0.0573017 0.0321387
2 0.704808 0.0805125 0.0649184 0.0294821
2 0.907089 0.0800133 0.0677371 0.0316344
2 0.536689 0.630188 0.196702 0.074668
7 0.745143 0.956189 0.0612297 0.0286917
2 0.666995 0.906041 0.150982 0.0594379
2 0.253958 0.74385 0.17035 0.0929154
3 0.49245 0.95494 0.0656738 0.0252824
2 0.255729 0.524742 0.173922 0.085755
2 0.168296 0.892972 0.16774 0.0873903
2 0.145876 0.906487 0.0789845 0.0515643
