2 0.392695 0.832159 0.173466 0.10224
2 0.393209 0.565975 0.176358 0.106082
2 0.191479 0.834396 0.172696 0.102289
2 0.396934 0.434932 0.172405 0.103336
2 0.197798 0.436231 0.124142 0.0974718
2 0.394604 0.296856 0.151225 0.106617
2 0.593778 0.569768 0.167292 0.0971828
2 0.595158 0.437549 0.158277 0.101683
2 0.399952 0.166597 0.14775 0.0819723
2 0.593168 0.706667 0.156938 0.0959957
2 0.794718 0.434783 0.168882 0.102176
2 0.597385 0.297068 0.145292 0.10726
2 0.602728 0.165747 0.188064 0.0873553
2 0.193668 0.701783 0.122576 0.105549
2 0.194111 0.566743 0.149777 0.100701
2 0.800252 0.29837 0.142855 0.105962
2 0.587867 0.83721 0.130025 0.0993353
2 0.792643 0.703338 0.143069 0.100266
2 0.808534 0.168641 0.178659 0.0883773
2 0.388031 0.70229 0.144011 0.0985211
2 0.189386 0.299092 0.134947 0.107204
2 0.798615 0.571582 0.159529 0.0960291
2 0.788495 0.83669 0.132928 0.105445
2 0.197218 0.168625 0.184628 0.0836314
4 0.871028 0.107425 0.0427522 0.0450127
3 0.508837 0.0401747 0.104148 0.0482487
