2 0.163077 0.567787 0.139569 0.033485
0 0.24146 0.95395 0.0479103 0.0300437
2 0.213536 0.388858 0.246378 0.0403299
2 0.214459 0.77797 0.244586 0.0349291
2 0.213042 0.612626 0.239783 0.0344559
2 0.264506 0.867621 0.353925 0.0346442
2 0.182536 0.523429 0.178484 0.0335389
2 0.262144 0.823817 0.339961 0.0363172
2 0.248109 0.311061 0.310078 0.0419666
2 0.255333 0.911123 0.334496 0.0362177
3 0.492529 0.953585 0.0450379 0.0244228
2 0.241887 0.736138 0.302972 0.0325406
2 0.181626 0.657962 0.184852 0.03426
7 0.742654 0.955426 0.0482233 0.0257657
