2 0.192705 0.247061 0.208586 0.0383969
2 0.176381 0.198232 0.168138 0.0313585
2 0.254606 0.298142 0.32754 0.0429106
2 0.176536 0.14729 0.181021 0.0347079
0 0.244207 0.952127 0.0617692 0.03426
2 0.686927 0.583957 0.0735916 0.0489146
3 0.492817 0.953433 0.0507055 0.0282783
2 0.215249 0.893097 0.201932 0.0294305
2 0.872602 0.0794965 0.0636693 0.0324844
7 0.742544 0.95579 0.0632174 0.0307721
4 0.860393 0.646173 0.0344641 0.0400467
2 0.704223 0.440084 0.0986384 0.0469959
4 0.912316 0.310785 0.0298476 0.0296792
