8 0.494586 0.365436 0.810039 0.0749136
9 0.490901 0.806641 0.904006 0.225776
2 0.107249 0.667262 0.0799797 0.0436263
2 0.625975 0.668973 0.0572799 0.0297501
7 0.741148 0.955838 0.0531105 0.0369327
2 0.75446 0.667764 0.0575668 0.029895
3 0.493092 0.953826 0.0507233 0.0320139
2 0.803868 0.612728 0.178337 0.0541563
0 0.242562 0.952386 0.0515092 0.0313687
2 0.888517 0.668608 0.0612077 0.0336127
2 0.496453 0.666453 0.0591917 0.0307129
2 0.240082 0.665602 0.0720498 0.0393039
2 0.367049 0.667292 0.072978 0.0293837
