2 0.844795 0.907027 0.0727832 0.0544372
2 0.320614 0.905284 0.0964983 0.0534115
6 0.285977 0.573531 0.362535 0.0394735
2 0.820107 0.28817 0.197097 0.0510841
2 0.490228 0.905127 0.0899341 0.0455237
2 0.80684 0.0808694 0.0623764 0.0362898
2 0.674884 0.287284 0.0506605 0.0359742
2 0.906488 0.0805598 0.0612735 0.0366649
2 0.142893 0.904973 0.0871546 0.0538754
2 0.668722 0.906301 0.153038 0.0551904
0 0.241545 0.95534 0.0730529 0.0320378
2 0.70645 0.0810952 0.0547444 0.0404555
7 0.745658 0.956136 0.0619137 0.0286125
3 0.491881 0.955045 0.05809 0.0251401
2 0.163959 0.155213 0.150635 0.0830087
6 0.275949 0.522578 0.333194 0.0395021
2 0.254323 0.410359 0.31126 0.0387964
2 0.254447 0.340673 0.302455 0.0398949
2 0.324036 0.460274 0.452866 0.0435323
2 0.27565 0.522963 0.33544 0.0402104
