2 0.499402 0.553349 0.107 0.0591627
2 0.327757 0.552757 0.105025 0.0574594
2 0.669181 0.468813 0.105444 0.0575122
2 0.501319 0.468998 0.107551 0.0590986
2 0.329224 0.468553 0.104047 0.0573745
2 0.502003 0.384403 0.107946 0.0631393
1 0.496471 0.704779 0.843424 0.0623639
2 0.329079 0.383126 0.10428 0.0597802
2 0.671298 0.38118 0.106628 0.0613584
2 0.667706 0.553765 0.105238 0.0599211
0 0.119111 0.0830883 0.0633733 0.0355442
3 0.493035 0.953818 0.057162 0.0322704
0 0.244106 0.951622 0.0638202 0.0367096
7 0.743143 0.954683 0.0697538 0.0381764
2 0.184295 0.771268 0.1832 0.0428029
2 0.224185 0.701944 0.243621 0.0417058
