2 0.286836 0.501353 0.369738 0.0626264
2 0.258841 0.284536 0.322431 0.0569368
2 0.309306 0.586304 0.423446 0.0497185
2 0.276033 0.740189 0.358283 0.0483456
2 0.347082 0.662078 0.499098 0.0496474
2 0.184329 0.816161 0.170493 0.0477884
2 0.260351 0.362749 0.322752 0.0536281
0 0.243139 0.952995 0.0513247 0.0286377
2 0.252964 0.203979 0.311837 0.0589818
2 0.234227 0.894008 0.274863 0.0522906
0 0.117479 0.0832689 0.0557595 0.0298377
3 0.492885 0.95411 0.0551849 0.0277449
2 0.904564 0.0829635 0.0674865 0.0322951
7 0.742154 0.95537 0.067914 0.0359198
2 0.227502 0.435926 0.25225 0.0310845
