2 0.278426 0.157786 0.366238 0.0597446
2 0.242653 0.227127 0.287155 0.0527734
0 0.242733 0.954918 0.0546892 0.0310342
2 0.173646 0.76437 0.14709 0.0491824
2 0.240356 0.296186 0.28231 0.0544941
0 0.117486 0.0865187 0.053858 0.0327821
3 0.492661 0.953894 0.0480805 0.0273849
7 0.741906 0.955934 0.0488482 0.0295688
2 0.161868 0.631409 0.12296 0.0517635
8 0.54161 0.578113 0.838918 0.0628722
8 0.502308 0.432037 0.860413 0.0790262
2 0.17423 0.567519 0.162438 0.0559174
2 0.148032 0.696532 0.0978358 0.0495486
2 0.187183 0.831634 0.181321 0.04552
