1 0.504653 0.782283 0.816847 0.0679924
2 0.345528 0.567584 0.486447 0.0475352
2 0.311063 0.310052 0.424944 0.0442886
2 0.315384 0.369704 0.425865 0.0436982
2 0.346942 0.644825 0.484286 0.0462898
2 0.390279 0.242398 0.586395 0.0577929
2 0.337056 0.439598 0.469756 0.0472983
2 0.90398 0.0838729 0.0632414 0.0322878
2 0.322601 0.855403 0.457132 0.0406654
0 0.244119 0.952938 0.0539073 0.031192
0 0.117258 0.0836528 0.0551737 0.0304261
3 0.493274 0.953846 0.0538314 0.0294464
7 0.743631 0.955076 0.0762302 0.0388232
2 0.237818 0.183926 0.27055 0.0301079
2 0.805672 0.0840322 0.061944 0.0323552
