2 0.381027 0.899986 0.157395 0.0731095
2 0.834801 0.906243 0.121804 0.0793407
2 0.607464 0.906109 0.162908 0.0699993
2 0.153866 0.901998 0.118968 0.0702469
7 0.239238 0.970083 0.0609442 0.0345502
2 0.78214 0.0854867 0.0776909 0.0496023
3 0.491815 0.972985 0.0590623 0.0362343
2 0.426021 0.149144 0.159397 0.0333147
0 0.878855 0.844017 0.0598923 0.0392946
2 0.660218 0.151157 0.184647 0.0307028
4 0.889967 0.562599 0.0323576 0.0385175
0 0.748424 0.977948 0.0560123 0.0415844
2 0.182466 0.147949 0.205586 0.0329217
2 0.767357 0.660748 0.257842 0.126442
2 0.898838 0.0843587 0.116001 0.0603203
2 0.204323 0.657558 0.269352 0.135638
2 0.487185 0.655251 0.265163 0.130308
