9 0.497427 0.788105 0.905617 0.288199
2 0.769098 0.613052 0.0863704 0.0468481
2 0.130877 0.609074 0.0822465 0.0471168
2 0.291042 0.608126 0.0837612 0.0462358
2 0.608248 0.611174 0.0840216 0.0458649
2 0.44788 0.609887 0.0834516 0.0460571
7 0.240902 0.971499 0.0661681 0.0453683
2 0.889885 0.977536 0.0713628 0.0335447
3 0.492548 0.972919 0.0635464 0.0358624
2 0.923265 0.104336 0.0830781 0.0454943
0 0.747204 0.974321 0.0847272 0.0378101
4 0.904264 0.614932 0.0825991 0.0286579
2 0.171262 0.500412 0.103848 0.0536436
