2 0.29606 0.685373 0.408155 0.0543049
2 0.136925 0.890807 0.101529 0.056768
2 0.288876 0.196323 0.37261 0.0570772
2 0.393347 0.614655 0.61229 0.0605724
2 0.379454 0.75241 0.585758 0.0561796
2 0.312179 0.547384 0.437166 0.0578675
2 0.406816 0.268255 0.625589 0.0593495
2 0.317055 0.821743 0.462847 0.0540615
2 0.415478 0.410725 0.654529 0.0633461
2 0.441515 0.339927 0.701499 0.0634139
7 0.240004 0.971509 0.0521698 0.0369086
0 0.747757 0.975224 0.0530089 0.0478733
3 0.491949 0.972448 0.0695181 0.0392163
4 0.908048 0.110633 0.0344465 0.0440418
2 0.489823 0.478526 0.805408 0.062971
2 0.814662 0.112743 0.0684588 0.0390644
2 0.139409 0.820813 0.0999523 0.05111
2 0.708804 0.111162 0.0638545 0.0460239
3 0.335333 0.0370754 0.0183572 0.0263851
