9 0.499551 0.787828 0.914084 0.29028
2 0.767891 0.613672 0.0832142 0.0458279
2 0.606986 0.612256 0.0829172 0.0444645
2 0.447271 0.611324 0.0845522 0.0461565
8 0.582906 0.0915004 0.749541 0.073527
2 0.289018 0.610109 0.083207 0.043748
2 0.130706 0.609518 0.0836701 0.0472756
2 0.88963 0.977598 0.0697477 0.0330593
7 0.240477 0.971696 0.0655677 0.045119
3 0.492277 0.973013 0.0634076 0.035894
0 0.746857 0.974593 0.0842279 0.0366295
6 0.237719 0.276883 0.267522 0.0391825
2 0.295456 0.166357 0.38516 0.0463339
2 0.243313 0.221957 0.27755 0.040259
6 0.225807 0.331482 0.248928 0.0396425
2 0.506746 0.453093 0.831392 0.0741962
6 0.240188 0.221355 0.276554 0.0407284
0 0.136229 0.0875518 0.0588364 0.0391835
2 0.225041 0.331524 0.246886 0.040681
