2 0.151481 0.0934571 0.113648 0.0629793
2 0.611199 0.897644 0.112459 0.0700815
3 0.492345 0.97368 0.0631383 0.0362396
2 0.746469 0.0971153 0.130018 0.0680695
2 0.505561 0.698013 0.266617 0.0355422
2 0.378817 0.89768 0.136239 0.0655056
2 0.152294 0.895415 0.0957029 0.0699414
2 0.895237 0.0983597 0.120031 0.062654
0 0.747875 0.977206 0.0488167 0.0421814
7 0.240095 0.972989 0.0636807 0.0418145
2 0.570149 0.56047 0.282587 0.0572636
2 0.834642 0.903074 0.187328 0.0651512
3 0.335625 0.0359436 0.0182854 0.0247617
