2 0.283723 0.519639 0.391072 0.0435289
2 0.290965 0.30917 0.405393 0.0422537
2 0.30595 0.378591 0.432965 0.042767
3 0.492841 0.973543 0.0765704 0.0349064
2 0.215838 0.585753 0.258226 0.0337977
0 0.747074 0.976645 0.0392215 0.0387356
2 0.217606 0.792075 0.277576 0.0335403
2 0.235647 0.72567 0.313029 0.0370791
7 0.239646 0.97231 0.0429099 0.0334373
2 0.300133 0.450839 0.412352 0.0435673
2 0.143981 0.904366 0.117633 0.0572235
2 0.316277 0.905295 0.123331 0.0520978
2 0.260623 0.656319 0.359078 0.0429734
