2 0.13555 0.911968 0.101613 0.0583817
2 0.294674 0.66893 0.401349 0.0541735
2 0.356963 0.807891 0.541727 0.0618613
2 0.150243 0.484069 0.100449 0.055649
4 0.139452 0.361798 0.0777144 0.0433422
2 0.300757 0.7378 0.415188 0.0520669
7 0.238979 0.971139 0.046309 0.0331024
0 0.747904 0.975845 0.0497691 0.0443039
2 0.694871 0.364994 0.0699318 0.0476224
4 0.890233 0.366866 0.0425291 0.0418341
3 0.491658 0.97223 0.0629236 0.0360458
2 0.143567 0.735873 0.0968052 0.0481471
2 0.801449 0.366894 0.0733225 0.0401599
2 0.147432 0.599179 0.0994351 0.0513994
