2 0.601051 0.815277 0.186595 0.103482
8 0.517474 0.0853198 0.860592 0.0700902
2 0.39582 0.663442 0.161024 0.103392
2 0.816423 0.820158 0.185436 0.104108
2 0.606938 0.665267 0.157912 0.103693
2 0.843098 0.206098 0.176945 0.111056
2 0.192452 0.36156 0.158409 0.10951
2 0.404382 0.362561 0.167053 0.101172
2 0.610275 0.516744 0.197367 0.104432
2 0.629059 0.205368 0.160295 0.109889
2 0.833482 0.362982 0.156049 0.10364
2 0.826109 0.516668 0.181666 0.103192
2 0.390007 0.814818 0.163733 0.101416
2 0.819541 0.670231 0.160066 0.0978869
2 0.184051 0.663331 0.157296 0.10131
2 0.178663 0.813678 0.158407 0.105013
2 0.412268 0.204676 0.156474 0.107367
2 0.187827 0.513823 0.163984 0.110116
2 0.620286 0.362929 0.162771 0.10393
7 0.239489 0.968484 0.0762714 0.03638
2 0.195386 0.212289 0.160942 0.130382
2 0.39582 0.522084 0.189105 0.120107
3 0.492139 0.971981 0.0767466 0.0374165
0 0.749558 0.975104 0.063902 0.0406374
4 0.911996 0.0862556 0.0558294 0.0515557
