2 0.377434 0.687532 0.192374 0.0644294
2 0.145997 0.809054 0.126767 0.0644257
0 0.748355 0.976934 0.0443192 0.0391039
2 0.15423 0.480771 0.13069 0.0717905
2 0.731372 0.27993 0.298914 0.0707669
2 0.493448 0.911913 0.0873295 0.0506333
7 0.239184 0.971485 0.0499938 0.0355368
2 0.653728 0.916714 0.0787155 0.0518643
2 0.823259 0.918089 0.0795137 0.0617307
2 0.336774 0.911796 0.0812889 0.046979
2 0.174311 0.90029 0.194991 0.0815704
3 0.492166 0.973637 0.0701769 0.0309407
2 0.169284 0.91357 0.0653629 0.0443767
2 0.359587 0.277579 0.397077 0.0706073
2 0.171992 0.627138 0.169935 0.090951
