2 0.15142 0.0942392 0.11353 0.0644859
2 0.746617 0.0959785 0.125923 0.0638316
2 0.484827 0.72648 0.173281 0.0627743
3 0.49234 0.973527 0.0608638 0.0371586
2 0.607051 0.902136 0.11066 0.0624272
2 0.895646 0.0974558 0.122236 0.0628353
7 0.240252 0.9724 0.0601772 0.0406669
2 0.152835 0.898197 0.0913891 0.0576984
0 0.748049 0.977677 0.0499662 0.0412565
2 0.380668 0.899163 0.122612 0.0575573
2 0.741164 0.727567 0.299905 0.0624438
2 0.834446 0.90564 0.186179 0.0591312
2 0.819983 0.669362 0.0994827 0.0493113
2 0.242923 0.722798 0.28323 0.0641646
