8 0.51699 0.0854612 0.857911 0.0696297
2 0.600929 0.815464 0.186249 0.10358
2 0.395113 0.663438 0.160699 0.103405
2 0.609973 0.51637 0.195516 0.104722
2 0.192402 0.361218 0.158966 0.109272
2 0.606896 0.665224 0.158076 0.103685
2 0.842691 0.206006 0.176886 0.111046
2 0.816042 0.819788 0.185007 0.10469
2 0.404268 0.362441 0.165988 0.100913
2 0.627956 0.206165 0.163476 0.108737
2 0.833166 0.363011 0.155841 0.103474
2 0.826189 0.516809 0.181628 0.103423
2 0.183608 0.663213 0.156703 0.101096
2 0.820062 0.669832 0.160954 0.0975391
2 0.389864 0.815034 0.163408 0.101288
2 0.620175 0.362815 0.162382 0.1039
2 0.178526 0.813794 0.158484 0.10529
2 0.411993 0.204785 0.156485 0.107104
2 0.187139 0.513848 0.163917 0.109631
2 0.195127 0.212382 0.161634 0.130118
7 0.239178 0.968677 0.0760847 0.0362102
2 0.395374 0.522178 0.189389 0.12014
3 0.491837 0.972052 0.0767771 0.0373306
4 0.912009 0.0863177 0.0552016 0.0505441
0 0.749426 0.975134 0.0624871 0.0407404
