2 0.607208 0.665478 0.161455 0.104794
2 0.825655 0.521126 0.204468 0.106829
8 0.515905 0.0846941 0.855469 0.0694536
2 0.815893 0.817811 0.194427 0.108426
2 0.195212 0.203253 0.203192 0.112677
2 0.619042 0.364257 0.168928 0.101218
2 0.834537 0.363811 0.162301 0.103508
2 0.184975 0.662936 0.183249 0.101636
2 0.628881 0.205856 0.158342 0.107724
2 0.406518 0.363399 0.159506 0.104891
2 0.193157 0.35807 0.173144 0.108649
2 0.819168 0.6665 0.160688 0.105877
2 0.39909 0.513284 0.162766 0.10434
2 0.84439 0.207552 0.159493 0.109555
2 0.603038 0.816869 0.165706 0.103944
2 0.180327 0.81567 0.157817 0.104071
2 0.388868 0.813909 0.158216 0.102959
2 0.187912 0.511449 0.153202 0.103292
7 0.239236 0.968505 0.076109 0.0361775
2 0.395835 0.665083 0.155768 0.100157
2 0.410112 0.213204 0.161972 0.129607
2 0.608548 0.524027 0.190651 0.119727
3 0.492493 0.971976 0.0764998 0.0378994
0 0.749674 0.975183 0.0634676 0.0409298
4 0.912547 0.0863841 0.0550916 0.0515091
