2 0.459697 0.67684 0.673007 0.0667523
2 0.495131 0.849984 0.761879 0.0710661
2 0.39652 0.7639 0.55059 0.0709433
0 0.14316 0.104986 0.050273 0.0496989
2 0.299941 0.455225 0.34474 0.0512963
7 0.238989 0.971181 0.0462085 0.0331377
3 0.491949 0.972517 0.0691761 0.0374329
2 0.159621 0.931238 0.092546 0.0468937
0 0.749805 0.975568 0.062881 0.0443786
2 0.471118 0.378397 0.689958 0.0697209
2 0.26389 0.594519 0.277634 0.0533556
2 0.264603 0.524388 0.276774 0.0494894
2 0.164688 0.849697 0.0882831 0.0496304
