9 0.497084 0.788149 0.915262 0.289041
2 0.889905 0.977484 0.0701487 0.0330025
7 0.240744 0.971744 0.0656926 0.0450533
0 0.746545 0.97437 0.0854245 0.0369236
2 0.607383 0.611694 0.0825794 0.0439478
3 0.492163 0.973027 0.0638817 0.0359245
2 0.768673 0.613242 0.0892543 0.0466398
2 0.887894 0.0886401 0.067221 0.0413828
0 0.131214 0.085121 0.0801961 0.0485716
2 0.448117 0.610755 0.0845703 0.0456403
2 0.12954 0.609269 0.0851448 0.0477586
2 0.288914 0.609677 0.0851297 0.0435653
4 0.905253 0.614902 0.0866784 0.0319763
