2 0.608718 0.909146 0.0918421 0.058722
2 0.838967 0.913286 0.082521 0.059798
0 0.748137 0.976624 0.0463227 0.0390613
7 0.240065 0.971393 0.0532118 0.0373253
2 0.854961 0.835581 0.0762599 0.0440807
2 0.674675 0.83517 0.0522398 0.0397504
2 0.924565 0.0850601 0.0723382 0.0398655
2 0.762311 0.835267 0.0613013 0.0376526
2 0.154754 0.905931 0.0873121 0.0542852
3 0.492622 0.973604 0.0605863 0.0358998
2 0.737253 0.0841713 0.0658531 0.0434962
2 0.379364 0.904673 0.0826174 0.050861
2 0.8312 0.0826506 0.0681531 0.025795
