2 0.326551 0.496244 0.446185 0.0645864
2 0.351423 0.307536 0.474075 0.0672776
2 0.317056 0.587133 0.446218 0.0630899
2 0.335067 0.402734 0.449929 0.067536
2 0.383093 0.900578 0.160883 0.0687294
2 0.156847 0.9006 0.14951 0.0662661
2 0.834546 0.906478 0.146541 0.0650078
2 0.606829 0.90407 0.166134 0.0654587
4 0.894307 0.307894 0.0333175 0.0422139
7 0.238865 0.96949 0.0705355 0.0312662
2 0.231714 0.220289 0.26104 0.045897
4 0.889978 0.40398 0.0275335 0.0396499
2 0.786834 0.0851175 0.0666799 0.0389606
4 0.880017 0.591196 0.0289002 0.0395888
2 0.415728 0.149891 0.0374179 0.0285179
2 0.907587 0.0858156 0.0607351 0.0346359
3 0.492175 0.97314 0.0665851 0.0350179
0 0.75064 0.977901 0.0553651 0.0343605
