9 0.497225 0.787967 0.912918 0.289535
2 0.354104 0.226338 0.480287 0.0528043
2 0.278021 0.298243 0.327156 0.0482723
0 0.134538 0.0809124 0.0607473 0.0386039
2 0.129669 0.609431 0.0866106 0.048725
2 0.889674 0.977645 0.0698758 0.0327808
2 0.768142 0.613326 0.0887398 0.0474263
7 0.240772 0.971912 0.0660744 0.0453533
2 0.60739 0.611891 0.0844398 0.0448684
0 0.746374 0.974505 0.0861629 0.0370315
3 0.492066 0.973183 0.0643024 0.0360061
2 0.448198 0.610969 0.0856073 0.0461208
2 0.288933 0.609765 0.0870957 0.0449595
2 0.917568 0.084859 0.0636015 0.0402943
2 0.294702 0.155678 0.363795 0.0538444
3 0.334266 0.0364272 0.0184686 0.0219788
4 0.90451 0.614719 0.0864664 0.0327721
8 0.539028 0.156482 0.864234 0.059144
