2 0.608001 0.905976 0.161093 0.0666645
2 0.378734 0.902686 0.100554 0.0680447
2 0.155701 0.902062 0.125501 0.0688334
0 0.909627 0.218953 0.0597223 0.0355024
2 0.833135 0.906922 0.159682 0.073299
7 0.239461 0.970321 0.0620208 0.0338573
0 0.748091 0.976728 0.0434982 0.0364086
3 0.491516 0.973122 0.0620772 0.0341088
0 0.889338 0.560455 0.0609708 0.037151
8 0.397096 0.081928 0.618599 0.0707832
2 0.89922 0.078461 0.122202 0.0750767
2 0.750325 0.0871879 0.100497 0.0563238
3 0.335285 0.0352376 0.0161131 0.0220029
