1 0.51755 0.655799 0.894555 0.0667397
1 0.52455 0.394028 0.894667 0.0384517
1 0.508281 0.839931 0.882315 0.0436577
7 0.239401 0.970738 0.0585897 0.0440136
1 0.523944 0.329466 0.894453 0.0555923
1 0.525041 0.451036 0.888325 0.0458015
0 0.133483 0.0808399 0.0700602 0.0406147
3 0.491829 0.972648 0.0704394 0.0367006
0 0.747775 0.976092 0.0532138 0.040613
2 0.290698 0.88954 0.431548 0.0317425
2 0.425185 0.764901 0.710761 0.0703818
1 0.515693 0.89172 0.894195 0.0440979
2 0.446835 0.556894 0.740878 0.0896685
