2 0.607693 0.901973 0.168901 0.0728509
2 0.379078 0.899456 0.122264 0.0709516
2 0.834102 0.906819 0.144863 0.0712254
2 0.890547 0.0930018 0.103881 0.0585231
2 0.154532 0.898858 0.144139 0.076992
2 0.371328 0.782728 0.462964 0.0625731
7 0.23821 0.968916 0.0712434 0.0324734
2 0.767594 0.34442 0.181904 0.123534
8 0.42267 0.0875547 0.641361 0.075235
2 0.189262 0.346388 0.181516 0.117098
2 0.765385 0.0908879 0.0552241 0.0394711
2 0.379393 0.341852 0.17211 0.112995
2 0.502202 0.642796 0.721686 0.0640799
0 0.751706 0.976703 0.0676231 0.0343048
3 0.492453 0.972435 0.056995 0.0362861
2 0.34245 0.71183 0.400617 0.0560959
2 0.572751 0.340798 0.189069 0.117406
