9 0.49697 0.787748 0.912426 0.28897
2 0.768531 0.613702 0.0882972 0.0470675
2 0.447916 0.609987 0.0884554 0.0488327
2 0.130755 0.608531 0.0842561 0.0490179
2 0.607204 0.611032 0.0869825 0.0476787
2 0.289899 0.608262 0.0880827 0.0490772
7 0.240915 0.971764 0.0662418 0.04514
2 0.890027 0.977562 0.0703834 0.0329341
0 0.746617 0.974439 0.0860547 0.0372221
3 0.492139 0.972977 0.0640253 0.0359845
2 0.863627 0.547161 0.133871 0.0706312
2 0.418654 0.270252 0.383464 0.0651714
2 0.181738 0.107675 0.0949985 0.0556471
2 0.177032 0.353547 0.06117 0.0428959
4 0.905072 0.614966 0.0840296 0.0297846
8 0.42371 0.543843 0.720707 0.0624875
2 0.362552 0.354599 0.398465 0.0639342
3 0.335345 0.0363006 0.0179133 0.0231225
