5 0.378031 0.795316 0.710194 0.28992
2 0.550955 0.899837 0.0589639 0.0431163
2 0.830893 0.832088 0.137949 0.0555712
2 0.522382 0.189709 0.216751 0.110448
2 0.289148 0.609252 0.0873674 0.0465706
7 0.239009 0.971671 0.0575009 0.0415985
3 0.492009 0.97304 0.0653889 0.0307362
2 0.139748 0.484828 0.0558854 0.0325959
2 0.447621 0.611335 0.0868109 0.0466772
2 0.768699 0.61338 0.0886249 0.0492159
2 0.608434 0.612871 0.0829173 0.0459561
2 0.890701 0.97744 0.071389 0.0340969
2 0.142266 0.295557 0.0600413 0.0416264
2 0.831235 0.913614 0.0898775 0.0400704
2 0.130621 0.607756 0.0836333 0.043096
0 0.746306 0.973904 0.0712042 0.0349047
8 0.558116 0.298498 0.707387 0.0400464
2 0.82912 0.686421 0.146242 0.0560053
2 0.704438 0.552631 0.177687 0.0415625
1 0.566664 0.29893 0.724991 0.0400426
2 0.887363 0.400925 0.0698519 0.0256772
2 0.832744 0.75862 0.185801 0.0444945
2 0.310976 0.548315 0.224403 0.0420229
3 0.335337 0.0358715 0.0216646 0.0241982
