1 0.51739 0.656309 0.892833 0.0671086
1 0.524751 0.393838 0.893479 0.0386522
1 0.508188 0.840375 0.882651 0.0437779
7 0.239251 0.970784 0.058605 0.0440825
1 0.524387 0.329639 0.894494 0.0557919
1 0.525161 0.450873 0.887492 0.0457857
0 0.133648 0.0809899 0.0702742 0.0409589
3 0.49201 0.972705 0.0704406 0.0363878
0 0.748096 0.976118 0.0561283 0.0402553
2 0.290795 0.88949 0.430878 0.0318763
1 0.515511 0.892341 0.893243 0.0453698
2 0.424672 0.764885 0.709884 0.0703065
2 0.447736 0.557221 0.74083 0.0891972
