2 0.253069 0.548873 0.193507 0.104305
2 0.506315 0.550643 0.160933 0.107865
2 0.759909 0.553476 0.185239 0.105267
2 0.509239 0.418564 0.189939 0.112385
2 0.254054 0.417673 0.159398 0.110375
2 0.500794 0.680623 0.163003 0.107668
2 0.758139 0.691771 0.193822 0.124107
2 0.24703 0.677846 0.189826 0.106062
2 0.766696 0.420325 0.178105 0.111953
7 0.23984 0.968247 0.0770614 0.0396373
0 0.748248 0.975256 0.0615677 0.0447266
3 0.490724 0.972517 0.0774356 0.0454877
2 0.724311 0.307034 0.0632833 0.043208
6 0.819662 0.310051 0.0565492 0.0404581
