4 0.139275 0.36251 0.0780558 0.0446582
2 0.421557 0.592101 0.655058 0.0714165
7 0.23876 0.971362 0.0477264 0.0324909
0 0.747354 0.974897 0.051934 0.0462017
4 0.889447 0.366941 0.0442646 0.0419626
2 0.135482 0.924924 0.102386 0.0545494
2 0.343122 0.485032 0.49727 0.0620661
2 0.693272 0.364893 0.0724516 0.047339
2 0.345117 0.719435 0.502258 0.0581814
2 0.353828 0.854867 0.553385 0.0546454
2 0.800235 0.366953 0.074213 0.041592
2 0.339359 0.7886 0.511337 0.0583709
2 0.143488 0.717362 0.100429 0.050128
3 0.491199 0.973536 0.0737915 0.033667
2 0.147197 0.590523 0.10159 0.0538786
2 0.150068 0.484208 0.101705 0.0543938
