4 0.139382 0.362405 0.0796809 0.0462636
7 0.238998 0.971451 0.0478473 0.0326401
2 0.639803 0.365867 0.155723 0.0365515
2 0.150144 0.485112 0.0996163 0.0545039
2 0.135402 0.924839 0.102946 0.0546723
0 0.747807 0.974867 0.0527561 0.0462818
2 0.147252 0.590467 0.101078 0.0533886
2 0.354095 0.854903 0.55331 0.0544251
2 0.424211 0.591769 0.659445 0.0753958
2 0.345529 0.719384 0.504407 0.0588675
2 0.339315 0.788451 0.511607 0.058357
2 0.143349 0.717263 0.100233 0.0500488
3 0.49138 0.973429 0.0742763 0.0333998
