2 0.33158 0.274974 0.465873 0.0585763
2 0.33264 0.690675 0.477716 0.0574154
2 0.270186 0.827871 0.364822 0.0510357
2 0.395674 0.758713 0.617754 0.0596563
2 0.328757 0.483642 0.46567 0.0590164
2 0.378048 0.552207 0.566346 0.0572117
2 0.324062 0.346244 0.452172 0.057903
2 0.454085 0.414983 0.720949 0.0585675
2 0.227263 0.622586 0.265502 0.0522952
7 0.239842 0.971555 0.0525507 0.0377761
0 0.747677 0.974299 0.0510306 0.0466613
2 0.139006 0.827697 0.100222 0.0517441
2 0.136259 0.898 0.102135 0.0588478
3 0.492337 0.972608 0.0647905 0.0391404
4 0.90802 0.11 0.0349431 0.0434418
2 0.814675 0.11212 0.0668459 0.0382952
2 0.144631 0.689618 0.0977199 0.050045
2 0.152227 0.414444 0.0987506 0.0509262
2 0.148605 0.552648 0.0986119 0.0507148
4 0.141298 0.105688 0.063793 0.0395639
2 0.154223 0.344917 0.0977811 0.0509909
2 0.708985 0.110788 0.0610008 0.0430778
2 0.420318 0.204156 0.640197 0.0548432
3 0.335101 0.0367186 0.0178175 0.0258368
