2 0.486269 0.32364 0.418099 0.0589794
2 0.346299 0.597854 0.344386 0.0466501
2 0.446757 0.470892 0.517544 0.0494631
2 0.501373 0.862043 0.68036 0.0646592
2 0.321793 0.661115 0.307703 0.0434869
2 0.318201 0.725029 0.290688 0.0474029
2 0.476344 0.536368 0.598815 0.0484293
2 0.896868 0.0865874 0.117362 0.0594925
7 0.239936 0.969583 0.052304 0.0344747
0 0.749545 0.975053 0.0596664 0.0432838
2 0.323129 0.788564 0.33187 0.0470612
3 0.491087 0.972308 0.0766375 0.0353173
2 0.508611 0.409024 0.657335 0.0491764
2 0.730835 0.0856564 0.0515334 0.0438293
