2 0.399664 0.610688 0.499654 0.0663897
0 0.747081 0.97736 0.0396274 0.0381142
2 0.49667 0.883321 0.162793 0.0867239
2 0.348681 0.365199 0.425243 0.0542137
2 0.36481 0.283186 0.456652 0.0569609
3 0.491383 0.973413 0.0831151 0.0349332
7 0.240326 0.972211 0.0453655 0.0333652
2 0.347247 0.443066 0.415271 0.0453066
2 0.411519 0.20401 0.559804 0.0553318
0 0.163932 0.0813842 0.0395782 0.0341549
2 0.435639 0.714758 0.591645 0.0815024
2 0.154933 0.890111 0.0695889 0.0423219
2 0.285056 0.519944 0.295982 0.0408145
