9 0.497501 0.787993 0.913992 0.289511
7 0.240816 0.971708 0.0658804 0.0449499
2 0.889753 0.977505 0.0697451 0.0326776
2 0.768787 0.613363 0.0890226 0.0464565
3 0.492143 0.973029 0.0636865 0.035979
0 0.746597 0.974487 0.0849241 0.0369324
2 0.607338 0.611673 0.082608 0.0438299
0 0.131386 0.0843069 0.081213 0.0480164
2 0.447511 0.610728 0.0843329 0.0456428
2 0.130093 0.609298 0.0855336 0.0480835
2 0.289187 0.609496 0.0861534 0.0439934
3 0.335273 0.0343582 0.0168507 0.0273687
2 0.596584 0.0861902 0.753423 0.0592203
4 0.905003 0.614803 0.0866083 0.0320726
