9 0.496983 0.786906 0.911415 0.288223
2 0.151692 0.0934028 0.114547 0.0631023
2 0.768012 0.612985 0.0906274 0.0500811
2 0.746474 0.0974091 0.129124 0.0683073
2 0.889727 0.977696 0.0692281 0.0321839
2 0.13025 0.608521 0.0850088 0.0501699
7 0.240639 0.971806 0.0611611 0.0429684
2 0.894489 0.0991566 0.117294 0.0613786
2 0.607109 0.612312 0.0934824 0.0495445
2 0.290419 0.609109 0.0905591 0.0485315
2 0.448194 0.610392 0.0912679 0.0506839
3 0.491933 0.973117 0.0661389 0.0365883
0 0.746688 0.974387 0.0866464 0.0366997
4 0.90411 0.614719 0.0836945 0.0313774
2 0.577572 0.277937 0.281558 0.0616694
3 0.335264 0.0362658 0.0194032 0.0279724
