2 0.151477 0.0932051 0.113577 0.0642419
2 0.379536 0.899423 0.127602 0.0596202
2 0.153903 0.89892 0.0892441 0.0558498
2 0.895325 0.0989282 0.118696 0.0618909
2 0.607124 0.899735 0.105187 0.0683959
2 0.746742 0.0966927 0.130308 0.066977
7 0.239358 0.971581 0.0570027 0.0386278
3 0.49224 0.973529 0.0655645 0.0358257
0 0.746781 0.977034 0.0546402 0.0443558
2 0.253226 0.462386 0.30851 0.0474439
2 0.222239 0.716313 0.260855 0.0404519
2 0.21917 0.778251 0.260767 0.0406487
2 0.835461 0.904607 0.201836 0.0599578
2 0.275816 0.65324 0.371476 0.0487544
2 0.260516 0.525749 0.321793 0.0488071
2 0.251444 0.333569 0.302405 0.0488626
3 0.335103 0.0363766 0.0200402 0.0254452
2 0.831854 0.894775 0.0641199 0.0362979
