9 0.496997 0.788097 0.916136 0.288626
2 0.768396 0.613865 0.0887841 0.0469521
2 0.130992 0.608453 0.0852756 0.0495205
2 0.447973 0.60996 0.0884236 0.0489312
2 0.289756 0.608146 0.0877151 0.0487633
2 0.607337 0.611075 0.0863794 0.0473658
7 0.241038 0.971682 0.0662688 0.0454019
2 0.889678 0.97758 0.0697991 0.0327522
2 0.418695 0.270172 0.384154 0.0647103
0 0.746538 0.97434 0.0854056 0.0370792
3 0.492057 0.973161 0.0640801 0.0364445
2 0.863752 0.547114 0.135284 0.069346
2 0.367651 0.354792 0.386944 0.0636137
2 0.181953 0.107831 0.0946138 0.0554736
2 0.176849 0.353562 0.0608911 0.0439859
4 0.904984 0.615001 0.0835292 0.0293571
8 0.425388 0.544041 0.71876 0.0626123
3 0.335542 0.0361975 0.018154 0.0222355
