2 0.297997 0.175232 0.397959 0.0699222
2 0.520837 0.283857 0.219314 0.0881788
2 0.24643 0.508034 0.243235 0.0764749
2 0.775988 0.512255 0.181826 0.0705309
2 0.789106 0.273944 0.209852 0.0881891
2 0.51399 0.512508 0.232431 0.0698605
2 0.24874 0.622877 0.166967 0.0888778
2 0.254368 0.387838 0.161218 0.0719256
2 0.85792 0.761188 0.0749238 0.0437128
2 0.783903 0.392345 0.212283 0.0740929
2 0.256231 0.26866 0.120599 0.0771648
7 0.239682 0.968814 0.0737918 0.0342437
2 0.515556 0.392488 0.115095 0.0687025
2 0.307525 0.755517 0.100287 0.0233496
2 0.156619 0.754573 0.0967433 0.0287674
2 0.49666 0.757362 0.177141 0.0427757
0 0.748199 0.97535 0.053638 0.0379632
3 0.492081 0.972181 0.0723254 0.0349166
2 0.736248 0.178001 0.384229 0.0679819
