2 0.152041 0.0932005 0.113831 0.0629059
2 0.611339 0.898183 0.114125 0.0676472
2 0.18275 0.306223 0.156661 0.109543
2 0.748061 0.0959946 0.129679 0.0648458
2 0.357221 0.306574 0.153833 0.108186
2 0.3793 0.898952 0.122759 0.0592322
2 0.704864 0.308182 0.15857 0.111677
2 0.894442 0.0970846 0.118238 0.0576237
2 0.151945 0.897849 0.102482 0.065253
2 0.530039 0.306126 0.156991 0.110523
0 0.747906 0.977031 0.0487262 0.0405315
3 0.492182 0.972938 0.0611586 0.0356183
2 0.834594 0.902434 0.189321 0.0624596
7 0.240159 0.971942 0.0625759 0.0398912
2 0.257811 0.411834 0.36321 0.0662666
2 0.828909 0.840825 0.10376 0.0489857
2 0.836185 0.578279 0.114707 0.0585087
2 0.480524 0.636554 0.176407 0.0605866
2 0.247253 0.768282 0.298849 0.151689
3 0.334638 0.0359208 0.0164615 0.0235522
2 0.751561 0.639252 0.297558 0.0641725
