9 0.496917 0.786434 0.914 0.292419
2 0.310127 0.284805 0.345126 0.0464484
2 0.732137 0.614092 0.118765 0.0364759
2 0.274199 0.610522 0.0696816 0.0356311
2 0.502909 0.612616 0.12225 0.0352978
2 0.889798 0.977593 0.0700291 0.032735
7 0.240816 0.971651 0.0664809 0.0452403
0 0.131909 0.0836612 0.0784903 0.0464151
3 0.49213 0.973011 0.0634902 0.035927
0 0.746357 0.974483 0.0855666 0.0371404
2 0.258461 0.40996 0.255121 0.0435895
2 0.317536 0.349057 0.358176 0.0457425
2 0.887173 0.0879152 0.0668349 0.0415996
4 0.903515 0.61492 0.0807321 0.02918
2 0.352121 0.222831 0.432317 0.0484506
2 0.373964 0.159909 0.494926 0.0429306
0 0.105242 0.609043 0.0691885 0.0424479
2 0.170495 0.34587 0.0631011 0.0321107
