2 0.760535 0.553073 0.181318 0.105853
2 0.506593 0.549737 0.169543 0.10835
2 0.508872 0.419922 0.192027 0.109575
2 0.500669 0.682561 0.153617 0.109389
2 0.755964 0.693709 0.189175 0.127104
2 0.240836 0.808641 0.153179 0.10746
2 0.769539 0.425657 0.207537 0.124351
7 0.240489 0.968711 0.0791642 0.0368658
2 0.252625 0.549229 0.171986 0.105326
2 0.24806 0.686531 0.154038 0.117259
2 0.25255 0.424655 0.166277 0.128147
3 0.491912 0.972833 0.0742037 0.0380539
0 0.748852 0.977552 0.0491128 0.0398705
2 0.72475 0.307834 0.0598543 0.0408914
6 0.81996 0.309931 0.0614361 0.0386262
