2 0.353857 0.642586 0.511801 0.0925663
2 0.314355 0.40071 0.422682 0.0700355
0 0.747099 0.976577 0.036756 0.0369242
2 0.360801 0.517952 0.524874 0.0745331
3 0.492242 0.973264 0.0761312 0.0349415
7 0.239515 0.972275 0.0437012 0.0330118
2 0.129827 0.905223 0.079286 0.062973
2 0.269962 0.156419 0.303397 0.0685241
0 0.151448 0.076511 0.0449522 0.0316579
2 0.67298 0.911912 0.177531 0.0570472
2 0.855976 0.912671 0.112455 0.0641117
8 0.42336 0.0840437 0.778204 0.0600986
2 0.369028 0.275151 0.526435 0.101268
