2 0.494445 0.855363 0.180861 0.0928413
2 0.498116 0.757256 0.178551 0.0507531
2 0.598839 0.0879735 0.0692212 0.0386771
2 0.751114 0.0891091 0.0724839 0.0417047
2 0.450614 0.0875853 0.0648852 0.0386907
2 0.842847 0.761123 0.0937837 0.0257636
2 0.501897 0.683043 0.234465 0.0482947
7 0.238167 0.969617 0.0605537 0.0318912
0 0.748895 0.977102 0.0486789 0.0387332
2 0.901215 0.0893013 0.0683604 0.0394012
2 0.688205 0.759474 0.105409 0.0228081
2 0.150284 0.0843691 0.0695143 0.0374792
2 0.75613 0.861512 0.131991 0.065381
3 0.491884 0.973311 0.0639845 0.0292741
