2 0.299202 0.175575 0.391246 0.0701922
2 0.520513 0.283664 0.218066 0.088552
2 0.246781 0.508108 0.243765 0.0772076
2 0.776051 0.512289 0.181918 0.0714071
2 0.789434 0.273575 0.211018 0.0886992
2 0.51386 0.512827 0.231571 0.0706153
2 0.248522 0.622915 0.164501 0.0885166
2 0.254884 0.388092 0.161539 0.0725283
2 0.256016 0.268689 0.120933 0.0774733
2 0.783761 0.392123 0.211734 0.0739852
7 0.239907 0.968453 0.0752277 0.0350235
2 0.516015 0.392551 0.114019 0.0684507
2 0.857498 0.761195 0.0772357 0.0439851
2 0.307684 0.755505 0.0992216 0.0231548
2 0.156311 0.754761 0.096601 0.0288632
2 0.496184 0.757733 0.178839 0.0420206
0 0.748562 0.975174 0.0558557 0.0387187
3 0.491995 0.972117 0.0736347 0.0358143
2 0.734621 0.178856 0.384104 0.0673453
