2 0.813735 0.820262 0.154079 0.105478
8 0.519037 0.0855712 0.864969 0.0709707
2 0.617985 0.365034 0.157387 0.11124
2 0.828004 0.364187 0.212291 0.111796
2 0.601362 0.825488 0.167297 0.12414
2 0.611019 0.515604 0.156587 0.10476
2 0.186301 0.513201 0.166513 0.107856
2 0.410583 0.205585 0.174531 0.110464
2 0.408033 0.364112 0.154405 0.105041
2 0.402502 0.513745 0.174765 0.108966
2 0.842344 0.207974 0.202517 0.114734
2 0.391149 0.81528 0.153838 0.101454
2 0.607334 0.666089 0.155268 0.101774
2 0.18409 0.663517 0.155098 0.104754
2 0.627807 0.208297 0.162127 0.112998
2 0.825931 0.517172 0.160425 0.105446
2 0.18046 0.814727 0.155535 0.104558
2 0.196715 0.204712 0.158522 0.109913
2 0.817524 0.664822 0.170518 0.107176
2 0.395215 0.664954 0.159462 0.102537
2 0.194042 0.361406 0.161338 0.11174
7 0.239195 0.968623 0.0766013 0.0361446
3 0.492046 0.971895 0.0745439 0.0374294
0 0.749272 0.975362 0.0628616 0.0397273
4 0.910831 0.0876468 0.0564002 0.051709
