2 0.143414 0.308997 0.117012 0.0380649
0 0.131436 0.0843102 0.088456 0.0467913
0 0.748251 0.974325 0.0552616 0.0480015
7 0.239268 0.969226 0.0612935 0.0482166
3 0.492153 0.971886 0.0666855 0.04342
2 0.769119 0.312761 0.294798 0.0489333
2 0.867655 0.376557 0.0804352 0.0419867
2 0.871768 0.312943 0.0799726 0.0416339
2 0.779429 0.377421 0.26615 0.0485086
3 0.335937 0.0358099 0.0236527 0.0261395
2 0.864681 0.440508 0.080358 0.042993
2 0.773195 0.247093 0.292776 0.0499932
2 0.144672 0.372186 0.116264 0.0369052
