2 0.496479 0.882977 0.157147 0.0784221
2 0.320013 0.344483 0.331999 0.0542383
2 0.331906 0.658131 0.349593 0.0561529
0 0.746999 0.977387 0.0394243 0.0379749
2 0.290453 0.734716 0.274989 0.0484168
2 0.35111 0.261293 0.412798 0.0593482
2 0.316168 0.423571 0.326147 0.0543138
3 0.491822 0.973373 0.0747594 0.0331349
7 0.239521 0.971966 0.0482385 0.0346632
2 0.359099 0.578352 0.428175 0.0586017
2 0.318103 0.501274 0.354063 0.0564338
2 0.289141 0.813159 0.2888 0.0447815
2 0.709195 0.893381 0.0884173 0.0355545
4 0.710277 0.893922 0.0848662 0.0348545
2 0.153112 0.90074 0.0948941 0.0627598
