4 0.139665 0.36241 0.0775877 0.0450932
2 0.423277 0.592778 0.657696 0.0725409
7 0.238957 0.971511 0.0479156 0.0328876
4 0.889477 0.366962 0.0447389 0.0421426
2 0.135486 0.924787 0.102719 0.0550054
0 0.747818 0.974753 0.0536841 0.0463833
2 0.693815 0.364738 0.0712547 0.0472904
2 0.346148 0.719345 0.505006 0.0585718
2 0.800428 0.366825 0.0743257 0.0421547
2 0.343727 0.484742 0.497584 0.0618116
2 0.338555 0.788646 0.509718 0.0582715
2 0.354311 0.854903 0.553619 0.0545898
2 0.147388 0.59044 0.101339 0.0538805
3 0.491611 0.973338 0.0742805 0.0336487
2 0.143499 0.717248 0.10024 0.0500481
2 0.150191 0.484245 0.101566 0.0543226
