2 0.496005 0.882726 0.156497 0.0790157
2 0.319289 0.343506 0.332876 0.0542735
2 0.331227 0.660267 0.345759 0.0560024
2 0.3174 0.422518 0.324188 0.0520355
0 0.74692 0.977537 0.0398593 0.0379745
2 0.288656 0.738522 0.278309 0.0492053
3 0.49182 0.973301 0.0734733 0.0328888
2 0.360006 0.580039 0.430058 0.0595384
2 0.350368 0.259666 0.410682 0.0614302
7 0.239233 0.971914 0.0501113 0.0343857
2 0.321417 0.501593 0.341073 0.0533312
4 0.709055 0.893536 0.0858923 0.0347679
2 0.708653 0.89327 0.0863629 0.034605
2 0.155058 0.892511 0.0756233 0.0463924
