8 0.515913 0.084972 0.859259 0.0708707
2 0.813937 0.820539 0.153644 0.104836
2 0.61906 0.364411 0.15801 0.109817
2 0.829998 0.363944 0.210375 0.110485
2 0.612086 0.516106 0.158352 0.103504
2 0.601621 0.825403 0.167256 0.123279
2 0.410753 0.204766 0.175126 0.110641
2 0.186472 0.512302 0.165833 0.109039
2 0.402134 0.51388 0.174851 0.107739
2 0.844063 0.206252 0.203033 0.115606
2 0.407925 0.363349 0.154029 0.105168
2 0.627963 0.207008 0.162818 0.111728
2 0.391331 0.815672 0.154563 0.101862
2 0.607916 0.666306 0.155818 0.101558
2 0.827535 0.517244 0.160858 0.103697
2 0.183987 0.663427 0.15638 0.104463
2 0.820688 0.667559 0.161985 0.10343
2 0.196934 0.204085 0.158127 0.109547
2 0.180105 0.815362 0.154976 0.10399
2 0.395041 0.664867 0.159845 0.102326
2 0.193598 0.361558 0.162968 0.111703
7 0.239319 0.968564 0.0756915 0.0358555
3 0.4922 0.971787 0.0742388 0.0374981
0 0.749828 0.975364 0.0626204 0.0398056
4 0.912877 0.0864701 0.055194 0.0519551
