2 0.608334 0.905911 0.161748 0.0666356
2 0.378476 0.902884 0.0998517 0.0679913
2 0.15529 0.902039 0.123841 0.068562
0 0.909905 0.218818 0.0592224 0.035385
7 0.240056 0.970366 0.0603279 0.0339565
2 0.833224 0.906416 0.159682 0.0733101
0 0.748558 0.976776 0.0441933 0.036742
3 0.491548 0.973023 0.0624018 0.0342011
8 0.392339 0.0820107 0.607211 0.0710219
2 0.898705 0.083208 0.121307 0.0662493
0 0.889566 0.560095 0.0593178 0.0371838
2 0.750114 0.087361 0.0989776 0.0557314
3 0.335639 0.0351406 0.0166594 0.021702
