9 0.495731 0.78807 0.913095 0.28868
2 0.50926 0.431191 0.159795 0.135402
2 0.768691 0.613215 0.0896253 0.0488712
2 0.767444 0.422011 0.217939 0.117986
2 0.255759 0.419297 0.159467 0.113586
2 0.889702 0.977625 0.0698003 0.0325783
2 0.607689 0.611849 0.0848682 0.0464716
2 0.448343 0.610524 0.0843463 0.0458929
7 0.241031 0.971749 0.0662453 0.0453793
2 0.130388 0.6091 0.085533 0.0466501
3 0.49239 0.973172 0.0634387 0.0360609
0 0.746877 0.974515 0.0874938 0.0376642
2 0.289775 0.609978 0.0862537 0.044858
2 0.724641 0.307786 0.0589836 0.0434465
6 0.81764 0.310644 0.0608545 0.0393692
4 0.903216 0.615486 0.079891 0.0296534
