9 0.496384 0.788442 0.908295 0.28641
2 0.768419 0.61247 0.0876002 0.0499641
8 0.51266 0.359259 0.795828 0.0602333
2 0.289286 0.609032 0.0871381 0.049591
2 0.448069 0.610822 0.0875749 0.0487684
2 0.607803 0.61166 0.0870195 0.0475899
2 0.130184 0.608066 0.0844931 0.0503532
2 0.889696 0.97786 0.0679483 0.0315765
7 0.240825 0.971723 0.066359 0.0453007
2 0.508213 0.500587 0.789417 0.0542634
3 0.492226 0.972994 0.0637643 0.0359474
2 0.901082 0.128698 0.0547334 0.0342278
0 0.745947 0.97488 0.0886759 0.0374078
8 0.508031 0.43873 0.795724 0.0491731
3 0.33695 0.0354238 0.0244388 0.0301898
