9 0.496579 0.786911 0.907086 0.290394
2 0.769126 0.613138 0.08867 0.0486801
2 0.130804 0.608905 0.0834077 0.0474433
7 0.240875 0.971425 0.0653575 0.045127
2 0.290204 0.608814 0.0896014 0.0475017
2 0.889677 0.977522 0.0709804 0.0334614
2 0.608187 0.610419 0.0874677 0.0494793
3 0.492345 0.972943 0.0632846 0.0358769
0 0.74689 0.974308 0.0870824 0.0379459
2 0.448341 0.610163 0.0871163 0.0473827
2 0.923025 0.104324 0.0804439 0.0447442
2 0.734196 0.102382 0.0726188 0.0475946
4 0.903824 0.614873 0.0840806 0.0296116
2 0.864935 0.544531 0.0784812 0.0434396
2 0.830167 0.104015 0.0680935 0.0239172
