2 0.298044 0.175404 0.397917 0.0690923
2 0.520457 0.283794 0.219642 0.0885728
2 0.246791 0.508429 0.243967 0.0757835
2 0.77627 0.512386 0.181236 0.0704266
2 0.513877 0.512382 0.232173 0.0694767
2 0.789162 0.27385 0.210106 0.0884245
2 0.254608 0.388008 0.16096 0.0720662
2 0.248412 0.623002 0.167999 0.0894838
2 0.857148 0.761139 0.074237 0.042568
2 0.783989 0.392282 0.211506 0.0740909
2 0.256056 0.268619 0.121031 0.0768827
7 0.239891 0.968817 0.0748303 0.0345798
2 0.51542 0.392608 0.11406 0.0683266
2 0.309798 0.755635 0.0990427 0.0237464
2 0.157326 0.754587 0.0970816 0.0291959
2 0.495703 0.756947 0.175269 0.0423166
0 0.748438 0.97545 0.0529467 0.0379677
3 0.492101 0.972316 0.0720285 0.0352135
2 0.736724 0.178699 0.387346 0.0674325
