2 0.154907 0.902439 0.12156 0.0656471
2 0.608642 0.906998 0.163081 0.0654262
0 0.879424 0.8064 0.0579777 0.0350231
2 0.378115 0.903524 0.102921 0.0667258
0 0.747968 0.977483 0.0492946 0.0398129
7 0.240101 0.970801 0.0612115 0.0347721
3 0.492562 0.973606 0.0646393 0.0363727
8 0.394665 0.0819152 0.606382 0.0681056
2 0.740063 0.0868051 0.0786755 0.0526661
0 0.893206 0.472191 0.0660577 0.0368489
2 0.834332 0.907513 0.15518 0.0700989
3 0.335622 0.034904 0.0164674 0.0217764
2 0.900101 0.0716316 0.125694 0.0893063
