9 0.497741 0.787747 0.912719 0.287491
2 0.254496 0.417325 0.169343 0.114861
2 0.768503 0.613084 0.0882731 0.0471954
2 0.510276 0.421967 0.166267 0.112227
7 0.240738 0.971733 0.0671646 0.0457285
2 0.448026 0.610693 0.0838356 0.0454201
3 0.492146 0.973131 0.0633652 0.0362174
2 0.607224 0.61173 0.0832234 0.0442242
2 0.129845 0.60909 0.0847679 0.0460278
2 0.724192 0.307566 0.0634387 0.0432623
6 0.816246 0.310358 0.0602145 0.0396869
2 0.289452 0.609876 0.085273 0.0445901
2 0.890868 0.977519 0.0715699 0.0336578
0 0.745233 0.973145 0.117956 0.0503343
