9 0.49659 0.788389 0.909144 0.286578
2 0.768635 0.61248 0.0876584 0.0509207
8 0.513295 0.359076 0.794938 0.0605113
2 0.28918 0.609057 0.0867246 0.0493343
2 0.44786 0.610841 0.0872619 0.0486732
2 0.607717 0.611722 0.0862278 0.0479615
2 0.130268 0.608298 0.0843009 0.049706
2 0.889753 0.977899 0.0676959 0.0316168
7 0.240756 0.971761 0.0674228 0.045569
2 0.508915 0.500504 0.788473 0.0537016
3 0.492193 0.972983 0.0638126 0.0357889
2 0.901252 0.128619 0.0538127 0.0356344
8 0.508499 0.438819 0.796212 0.0490757
0 0.746153 0.9749 0.0882753 0.0372856
3 0.336489 0.0356961 0.0235027 0.0293404
