2 0.607473 0.665344 0.161671 0.104765
8 0.513352 0.0849212 0.851726 0.0700791
2 0.825395 0.521032 0.203388 0.108353
2 0.815431 0.818189 0.192319 0.107374
2 0.836521 0.364438 0.158707 0.104568
2 0.845906 0.209252 0.157333 0.110393
2 0.195824 0.191029 0.162205 0.0913229
2 0.185139 0.662928 0.183414 0.10079
2 0.819287 0.666298 0.159708 0.105387
2 0.18816 0.511143 0.152907 0.103638
2 0.399604 0.513609 0.162471 0.104835
2 0.180197 0.815907 0.157851 0.102575
2 0.602627 0.81687 0.166261 0.1037
7 0.239206 0.968503 0.0756873 0.035944
2 0.389237 0.814056 0.158097 0.102891
2 0.395876 0.665072 0.155373 0.100154
2 0.631203 0.204867 0.162477 0.105653
2 0.607338 0.524136 0.192721 0.120569
2 0.633972 0.367723 0.202497 0.0980074
2 0.411165 0.200987 0.167932 0.106213
3 0.492202 0.971863 0.0757468 0.037372
2 0.409268 0.350069 0.202173 0.0566549
0 0.749472 0.975091 0.0635792 0.0410289
4 0.912152 0.0863052 0.0535767 0.0510109
