2 0.380047 0.898573 0.119065 0.0744064
2 0.88987 0.0912289 0.104085 0.0544615
2 0.155936 0.896588 0.173239 0.0729988
8 0.40523 0.0865518 0.655173 0.07542
2 0.8468 0.608708 0.164851 0.0857177
2 0.607181 0.902286 0.168126 0.0742214
2 0.834548 0.904927 0.151055 0.0686839
7 0.238711 0.96944 0.0790607 0.0328251
2 0.832561 0.717555 0.174873 0.0667135
3 0.491678 0.972949 0.0698554 0.0348572
2 0.852136 0.509167 0.151913 0.0748345
2 0.763335 0.0924591 0.0530803 0.04419
0 0.752445 0.977278 0.0607438 0.0375093
