1 0.521708 0.544293 0.890709 0.0398623
1 0.515543 0.804105 0.895976 0.0671031
1 0.523855 0.480254 0.890216 0.0571035
1 0.520337 0.599519 0.892998 0.0423668
0 0.748251 0.976663 0.0455602 0.041655
7 0.239221 0.970793 0.0477295 0.0372261
0 0.134663 0.0810872 0.0726253 0.0411689
3 0.491382 0.972918 0.0673489 0.0339798
2 0.445651 0.708921 0.74525 0.083951
1 0.651406 0.217454 0.650107 0.0389272
2 0.209461 0.15625 0.210217 0.0499235
2 0.526683 0.0857909 0.357243 0.036308
1 0.528408 0.273723 0.89123 0.0453157
