2 0.449008 0.0879982 0.0720049 0.0385031
2 0.494739 0.860401 0.181589 0.10221
2 0.150393 0.0859188 0.0546333 0.0356934
2 0.598959 0.0887173 0.0633849 0.0390768
2 0.298537 0.086989 0.0483041 0.0374819
2 0.750215 0.0903378 0.0581172 0.0401118
2 0.498601 0.757807 0.180499 0.0498496
2 0.756466 0.862545 0.136748 0.0693585
2 0.901736 0.0894844 0.0586081 0.0343089
3 0.492273 0.972883 0.0713043 0.0313774
0 0.748089 0.975872 0.0514007 0.0442331
7 0.239937 0.971035 0.0637707 0.0447448
2 0.156017 0.754435 0.100439 0.0302923
2 0.308115 0.755042 0.103405 0.0249617
2 0.858359 0.760467 0.0733699 0.0411562
2 0.231373 0.860363 0.149712 0.0898288
