2 0.493976 0.604754 0.202208 0.0955121
2 0.198945 0.60392 0.199169 0.100564
2 0.791505 0.371057 0.229179 0.100925
2 0.781315 0.600433 0.183252 0.0833353
2 0.201454 0.241684 0.124915 0.0849561
2 0.498154 0.247315 0.202582 0.100437
2 0.496019 0.367048 0.204786 0.0802295
2 0.200171 0.486676 0.200235 0.105399
2 0.489119 0.488252 0.204933 0.0955695
2 0.788446 0.492435 0.219112 0.099577
2 0.795365 0.24171 0.148491 0.0874763
2 0.49409 0.76204 0.127122 0.0432341
2 0.894346 0.0817069 0.126246 0.077319
3 0.492464 0.970495 0.0693818 0.0335931
0 0.719824 0.970513 0.0806129 0.0399933
2 0.201462 0.362376 0.131362 0.086386
7 0.26377 0.969918 0.0817474 0.0390213
