2 0.140772 0.247109 0.144478 0.0898492
2 0.50406 0.24956 0.170919 0.0907618
9 0.489711 0.81532 0.958247 0.238756
2 0.319087 0.248759 0.154901 0.0911455
2 0.683243 0.249332 0.143476 0.0913484
2 0.863266 0.247623 0.145074 0.0928106
2 0.642328 0.0861404 0.0559745 0.0313994
3 0.484105 0.97124 0.0670401 0.0348608
7 0.259352 0.968422 0.0666122 0.0377318
2 0.247107 0.660277 0.0484632 0.0342456
2 0.091273 0.0853173 0.0437239 0.0353009
0 0.712119 0.970413 0.0773071 0.0398807
2 0.0804778 0.659322 0.0922248 0.0494411
2 0.907665 0.661247 0.0944865 0.0467726
