2 0.174562 0.472278 0.164768 0.0981239
2 0.667268 0.477423 0.13766 0.0918863
2 0.339758 0.474512 0.134267 0.0926445
2 0.504172 0.475063 0.141515 0.0961521
2 0.51175 0.162021 0.179951 0.0417436
8 0.372295 0.249039 0.573911 0.0655433
0 0.0975733 0.0885702 0.0569976 0.0356623
7 0.229258 0.9633 0.0777753 0.0352154
2 0.831867 0.477682 0.150964 0.0970797
3 0.497166 0.964488 0.0753504 0.0335034
0 0.767978 0.965666 0.0555282 0.0331738
8 0.581138 0.0932297 0.834511 0.0760389
2 0.848026 0.251439 0.0737995 0.0377967
