1 0.492669 0.767942 0.799241 0.0545
1 0.500408 0.184476 0.817501 0.0601078
2 0.333672 0.442246 0.472924 0.0850423
2 0.322966 0.691335 0.416184 0.0549124
0 0.096204 0.0834495 0.0479555 0.0321969
2 0.277607 0.846819 0.343119 0.0524722
2 0.333662 0.533049 0.470216 0.0591224
0 0.719649 0.971485 0.0601698 0.0351186
1 0.845047 0.347612 0.129149 0.0473025
1 0.495836 0.531826 0.808014 0.0566489
1 0.84869 0.266983 0.127376 0.0468373
1 0.507748 0.267083 0.799512 0.0545089
1 0.493589 0.611453 0.788661 0.055663
2 0.383659 0.92262 0.577586 0.0506619
