9 0.489293 0.811856 0.961024 0.245912
8 0.481011 0.081691 0.648889 0.0761259
2 0.0951291 0.15757 0.0916823 0.0510352
2 0.630361 0.660359 0.0727814 0.045476
2 0.221966 0.309043 0.298727 0.0499987
2 0.818477 0.160345 0.0901744 0.0495102
2 0.286829 0.38593 0.414695 0.05393
2 0.768522 0.659454 0.0704615 0.0432104
3 0.489599 0.971803 0.0659823 0.0356546
0 0.112717 0.0787086 0.0562507 0.034873
7 0.263553 0.96878 0.0632576 0.0381787
2 0.919981 0.238119 0.07084 0.0364664
2 0.491357 0.659984 0.0665011 0.0398221
2 0.906707 0.662269 0.0946873 0.0470849
0 0.717404 0.971527 0.0750881 0.0377937
2 0.892768 0.0800827 0.0969098 0.0528719
2 0.078526 0.66008 0.0948031 0.0500405
2 0.458152 0.158599 0.0966712 0.0535104
