9 0.488806 0.81442 0.962796 0.240321
2 0.143279 0.482916 0.163572 0.0920956
2 0.28318 0.213139 0.410078 0.0499898
2 0.282348 0.278465 0.416322 0.0473605
3 0.484988 0.971144 0.0680445 0.0346628
7 0.260024 0.968614 0.0627043 0.0374475
2 0.27933 0.344792 0.400255 0.058949
2 0.080271 0.659149 0.0913713 0.0497641
2 0.48828 0.661837 0.0977923 0.0412378
2 0.232972 0.14643 0.311376 0.0463441
0 0.712794 0.970952 0.0793689 0.0372936
8 0.536201 0.0795109 0.581482 0.0427411
2 0.907362 0.661682 0.092867 0.0455451
2 0.318287 0.48066 0.14347 0.0897318
2 0.73692 0.662598 0.150485 0.0404449
2 0.893717 0.0842039 0.106512 0.0510828
6 0.493438 0.143947 0.879124 0.0552855
2 0.670779 0.477161 0.181219 0.106868
