2 0.487429 0.902827 0.115697 0.0681708
2 0.8531 0.628338 0.163204 0.075423
2 0.887765 0.0796124 0.0984871 0.0546488
2 0.294678 0.901136 0.106147 0.0710725
2 0.753901 0.0792434 0.0562004 0.043009
0 0.718832 0.972783 0.0681569 0.0312222
8 0.357489 0.078217 0.662355 0.0769292
2 0.85503 0.53766 0.163763 0.0774928
2 0.679338 0.892219 0.0785104 0.0401164
7 0.263593 0.968881 0.0872993 0.0357633
2 0.67743 0.904596 0.17243 0.0697335
2 0.48903 0.972821 0.0646123 0.0315051
2 0.107831 0.901707 0.182157 0.0742301
