9 0.486216 0.813845 0.957845 0.24469
2 0.893843 0.0887353 0.119407 0.0614907
2 0.0986524 0.0832723 0.0541229 0.0372187
7 0.254674 0.968953 0.0670392 0.0373538
3 0.481301 0.97159 0.0699827 0.0338629
2 0.614725 0.60495 0.0831831 0.0453487
2 0.0791845 0.660323 0.0917108 0.0476149
2 0.767182 0.661392 0.0728523 0.0372421
2 0.856067 0.604106 0.0879515 0.050542
2 0.13617 0.602519 0.0797857 0.0406353
0 0.708867 0.970816 0.0818271 0.0375427
2 0.371989 0.603023 0.0992109 0.0438941
2 0.906437 0.663263 0.0864737 0.0422584
