9 0.48887 0.811019 0.961727 0.246663
2 0.818394 0.161007 0.0893039 0.0488055
8 0.482878 0.0820315 0.651078 0.0752017
2 0.0943317 0.157708 0.0906382 0.050556
2 0.630868 0.660639 0.0744871 0.0456848
2 0.222048 0.309336 0.301122 0.049864
0 0.112999 0.0793937 0.0544018 0.033626
2 0.767465 0.659828 0.0778351 0.0434363
3 0.482732 0.971784 0.0653786 0.0353558
7 0.255761 0.969137 0.0638357 0.0383272
2 0.91982 0.238367 0.0709393 0.0369958
2 0.28596 0.386183 0.410541 0.0516577
2 0.907212 0.66207 0.0985891 0.0476169
2 0.492175 0.659988 0.0697466 0.0394214
2 0.0786307 0.660355 0.0950644 0.0515524
0 0.709931 0.971034 0.0772015 0.0380672
2 0.890706 0.0827223 0.0998224 0.0551539
3 0.70985 0.970895 0.0762248 0.0388812
2 0.457486 0.158556 0.0939618 0.0529091
