2 0.643784 0.799176 0.19975 0.0531249
2 0.442463 0.798764 0.180441 0.0541387
2 0.254258 0.368453 0.211623 0.0317039
2 0.858373 0.801994 0.196375 0.0569885
3 0.496519 0.972154 0.0545134 0.0304749
7 0.270238 0.971646 0.0544004 0.0344196
2 0.727972 0.447274 0.0761324 0.0227118
2 0.19691 0.799101 0.281498 0.056874
2 0.895591 0.0872481 0.119598 0.0616861
2 0.843182 0.446686 0.080635 0.0301407
2 0.484652 0.89658 0.877479 0.0753658
0 0.72268 0.973566 0.0541385 0.0345841
2 0.211689 0.155572 0.329123 0.0799926
2 0.490868 0.445683 0.0807022 0.0258555
2 0.376125 0.445002 0.0578512 0.0235787
2 0.61071 0.445777 0.0705369 0.0260831
2 0.255531 0.445685 0.0775764 0.0226047
2 0.208422 0.0247822 0.0415331 0.0350999
2 0.259152 0.0246706 0.0541175 0.0354864
