2 0.263864 0.570545 0.315125 0.0462279
2 0.325404 0.645116 0.432659 0.0436035
2 0.228336 0.931488 0.260217 0.0382817
2 0.406853 0.350003 0.57691 0.0447461
0 0.0978165 0.083116 0.0525254 0.0324972
2 0.235129 0.71558 0.241282 0.0413046
2 0.279085 0.49601 0.340749 0.0488983
2 0.401261 0.866068 0.590928 0.0381221
2 0.387198 0.276008 0.543361 0.0508104
0 0.720237 0.973416 0.061987 0.031895
2 0.365205 0.792715 0.52692 0.0381674
2 0.354434 0.424595 0.476011 0.044597
2 0.38796 0.201374 0.560397 0.0553795
8 0.385775 0.19948 0.565243 0.0581683
4 0.893596 0.0873564 0.103155 0.0568673
