9 0.488002 0.813124 0.958101 0.242469
2 0.08109 0.659664 0.0914772 0.0500659
6 0.280318 0.414711 0.410086 0.0426903
6 0.203393 0.350614 0.257004 0.0422412
2 0.90465 0.662765 0.0901031 0.042381
2 0.631923 0.660679 0.0663245 0.0371066
6 0.346657 0.286867 0.545726 0.0479156
2 0.770719 0.660886 0.0696811 0.0358936
2 0.492109 0.659523 0.0607951 0.032312
2 0.217314 0.660343 0.0738869 0.0402606
2 0.753734 0.0774527 0.0477428 0.0388582
3 0.483794 0.971179 0.0688348 0.0344263
7 0.258208 0.968525 0.0653239 0.0380394
2 0.893093 0.0848925 0.109382 0.0519589
6 0.387185 0.217154 0.632968 0.0573808
2 0.354781 0.660354 0.0797947 0.0274445
0 0.711856 0.970863 0.0812568 0.0381279
6 0.49222 0.352924 0.868524 0.0472029
2 0.406053 0.153222 0.676014 0.0791198
2 0.345019 0.286791 0.543133 0.0461969
