8 0.500586 0.430513 0.706513 0.0797512
8 0.496103 0.530097 0.71052 0.0766662
8 0.502313 0.343726 0.713287 0.0911257
2 0.729199 0.0818287 0.24452 0.0604855
9 0.486011 0.814387 0.972022 0.245885
3 0.489709 0.971553 0.0689719 0.0337998
2 0.630882 0.661431 0.0682065 0.0349734
2 0.902708 0.0873597 0.0981351 0.0574891
2 0.0896366 0.0789197 0.0656847 0.0415385
7 0.262971 0.968608 0.0674172 0.0381689
0 0.717135 0.970907 0.0773843 0.0379599
2 0.0798054 0.659124 0.090596 0.0467896
8 0.494077 0.612222 0.69271 0.0463148
