9 0.486995 0.777805 0.961617 0.301092
2 0.140505 0.492378 0.159333 0.104505
2 0.908326 0.0869483 0.0534624 0.0302318
2 0.247009 0.215591 0.338421 0.0425848
2 0.245501 0.370894 0.338108 0.0454625
2 0.768516 0.291411 0.0979203 0.0515847
3 0.498159 0.965416 0.0955124 0.0347236
7 0.231561 0.963981 0.0759452 0.0388062
2 0.323492 0.495176 0.167499 0.100935
2 0.337386 0.294057 0.522042 0.08047
2 0.897688 0.37278 0.0636756 0.0317927
0 0.763995 0.963534 0.0830182 0.0326492
4 0.919165 0.607437 0.0865193 0.0319185
2 0.259468 0.604422 0.0769861 0.0384568
2 0.902669 0.295614 0.0679087 0.0324738
2 0.500541 0.606488 0.128196 0.037142
