2 0.244254 0.72732 0.28538 0.0461666
2 0.261272 0.207162 0.309422 0.051042
2 0.238103 0.283011 0.232747 0.0416911
2 0.289167 0.434009 0.357959 0.0373777
0 0.0982146 0.0830788 0.0522943 0.0310427
2 0.228289 0.358691 0.22828 0.0346713
2 0.30258 0.50857 0.393107 0.0476857
1 0.234495 0.873963 0.256445 0.0417741
2 0.270706 0.582652 0.3015 0.0393111
0 0.717933 0.971948 0.0662116 0.0356031
4 0.897628 0.0878813 0.0856036 0.0560635
2 0.280173 0.799854 0.352748 0.0470026
6 0.279503 0.799433 0.351495 0.0483392
0 0.263572 0.972373 0.0689396 0.0338275
2 0.230647 0.873304 0.249091 0.0385342
3 0.492849 0.973593 0.0592343 0.0239673
2 0.371927 0.656033 0.511749 0.0465089
