2 0.141769 0.249463 0.151571 0.1002
2 0.322023 0.252758 0.163106 0.0984418
2 0.845276 0.897042 0.131988 0.069364
2 0.490026 0.894395 0.13786 0.0634469
2 0.315291 0.89465 0.139362 0.0665963
2 0.136751 0.895922 0.144434 0.0711814
2 0.666787 0.897066 0.142771 0.0704169
2 0.507377 0.125703 0.150209 0.108905
2 0.321342 0.122763 0.159163 0.104483
2 0.861115 0.253472 0.141398 0.0996557
2 0.137429 0.123615 0.157065 0.101327
2 0.49727 0.37329 0.139751 0.0984464
2 0.675308 0.372115 0.162873 0.10018
2 0.864729 0.120293 0.14168 0.106516
2 0.678769 0.252643 0.149615 0.0970421
0 0.721102 0.970692 0.0631249 0.0356635
2 0.324438 0.358152 0.119427 0.0575756
2 0.683255 0.121083 0.146821 0.102682
2 0.500415 0.249267 0.157838 0.105001
3 0.492844 0.971877 0.0551336 0.0303601
2 0.137125 0.372483 0.134713 0.0959297
7 0.262983 0.970776 0.0648596 0.0303328
