2 0.174432 0.856541 0.163858 0.0755557
2 0.48596 0.858807 0.187947 0.0966742
2 0.893359 0.0828425 0.121779 0.0723438
2 0.736941 0.763666 0.119427 0.0294925
2 0.210943 0.762266 0.18086 0.0261789
2 0.309423 0.0666162 0.079463 0.0447689
2 0.50865 0.0668581 0.104911 0.0526176
2 0.111204 0.0666346 0.0897699 0.0463749
3 0.490698 0.970506 0.0582267 0.030627
2 0.48762 0.763227 0.269322 0.034679
0 0.719231 0.971995 0.0717785 0.0370038
2 0.705039 0.0691353 0.105042 0.0476515
7 0.264513 0.96969 0.0707853 0.0334067
