9 0.488015 0.811926 0.964181 0.246166
8 0.405393 0.149106 0.706929 0.0847726
2 0.111484 0.223765 0.0941534 0.0508851
2 0.800329 0.407426 0.254147 0.0623902
2 0.630764 0.660449 0.0753669 0.0464822
2 0.768632 0.659658 0.0746443 0.0451761
3 0.482295 0.971818 0.0668031 0.0349027
7 0.255472 0.969088 0.0655093 0.0380566
0 0.10138 0.0740634 0.0720517 0.039018
2 0.907398 0.662051 0.0971259 0.0476456
2 0.49165 0.660224 0.0715503 0.040684
0 0.710048 0.97135 0.0779142 0.037716
2 0.892345 0.0869858 0.116374 0.0598283
2 0.078551 0.660074 0.0955151 0.0496326
3 0.709834 0.970944 0.0769877 0.0387937
