5 0.49314 0.510833 0.98628 0.270117
2 0.904841 0.162379 0.129241 0.0689277
2 0.660941 0.0776467 0.0576076 0.0375348
2 0.795357 0.0778773 0.0653645 0.0407418
2 0.0796177 0.0761341 0.0664342 0.040844
8 0.365744 0.0785008 0.477171 0.0721368
0 0.721476 0.970076 0.0732746 0.0365797
4 0.895537 0.084458 0.0987875 0.0522687
3 0.494497 0.970632 0.0711332 0.0327252
7 0.267513 0.968166 0.0832083 0.0383694
2 0.501334 0.670304 0.0651765 0.0371448
2 0.92788 0.358514 0.0730452 0.0325825
2 0.890683 0.0853944 0.107559 0.0530053
2 0.782024 0.265897 0.332369 0.0942664
