2 0.487011 0.284973 0.160734 0.0922623
2 0.667689 0.162034 0.145174 0.091578
2 0.314067 0.287548 0.132766 0.0840514
2 0.663734 0.409261 0.16006 0.083174
2 0.138581 0.407425 0.163469 0.0863849
2 0.665988 0.284603 0.168228 0.0904535
2 0.314723 0.411396 0.1363 0.078456
2 0.138742 0.283533 0.131762 0.0895586
2 0.311685 0.525801 0.137204 0.0851678
9 0.48588 0.812654 0.97176 0.247047
2 0.315278 0.160906 0.152916 0.0908016
2 0.13469 0.524412 0.125064 0.0842615
2 0.49396 0.161199 0.154517 0.0948958
2 0.662703 0.528104 0.152006 0.0833712
2 0.138846 0.163361 0.154481 0.0897072
2 0.848274 0.164745 0.168245 0.088295
2 0.485451 0.528016 0.113364 0.0846634
2 0.845225 0.288167 0.13845 0.0869008
2 0.831691 0.527824 0.143743 0.0841305
2 0.487189 0.410689 0.116054 0.085725
2 0.838533 0.408673 0.14972 0.0840489
3 0.489063 0.971348 0.0677919 0.0345967
2 0.0797473 0.660174 0.0909686 0.0483622
2 0.768212 0.661937 0.0765098 0.0376626
7 0.26365 0.968118 0.0669746 0.0389615
2 0.907075 0.663169 0.0872279 0.0423337
2 0.631983 0.662534 0.0752871 0.0374345
0 0.71688 0.970977 0.0777599 0.0382313
2 0.493909 0.660624 0.0645238 0.0295746
