2 0.494298 0.591474 0.267892 0.0341868
4 0.131499 0.0688029 0.0665237 0.0308963
2 0.492953 0.530684 0.189708 0.02731
0 0.720623 0.971903 0.0765521 0.0368015
3 0.491717 0.972127 0.0721257 0.0349121
2 0.89526 0.0877946 0.11886 0.0640706
7 0.262621 0.970525 0.0678198 0.0332905
2 0.757296 0.897629 0.353019 0.076806
4 0.872411 0.769782 0.0397689 0.0471745
2 0.14464 0.688118 0.0612683 0.0428485
2 0.792121 0.0247055 0.0436445 0.0237737
2 0.838985 0.0252112 0.0397718 0.0214299
2 0.143359 0.84053 0.058216 0.0393472
