2 0.275361 0.619172 0.335389 0.0622153
2 0.281292 0.810913 0.342731 0.05946
2 0.26782 0.715939 0.327185 0.0641909
2 0.256203 0.901025 0.154396 0.0305566
2 0.734774 0.900072 0.190077 0.0358062
2 0.827119 0.112303 0.0760957 0.0326315
7 0.229785 0.963321 0.0736729 0.0324785
0 0.769768 0.964101 0.0657312 0.0351118
2 0.662814 0.430881 0.555212 0.0360994
0 0.101456 0.107649 0.0572661 0.0377271
4 0.920312 0.111686 0.0310662 0.0374927
3 0.497692 0.964698 0.0777026 0.0302154
2 0.250797 0.522613 0.306761 0.0488606
