2 0.130884 0.351706 0.140299 0.0899056
2 0.143431 0.52934 0.157028 0.0831247
9 0.499119 0.807002 0.961212 0.257139
2 0.31318 0.35258 0.153223 0.0885912
2 0.492112 0.353907 0.172899 0.0952318
2 0.130886 0.212461 0.171581 0.0997038
2 0.667467 0.527154 0.174614 0.0909159
2 0.642757 0.0859208 0.0618579 0.0300011
3 0.484339 0.971195 0.0682874 0.0345168
2 0.320178 0.527408 0.151926 0.0870267
2 0.0807773 0.659132 0.0911659 0.0498534
7 0.258849 0.968473 0.065701 0.0372887
4 0.091726 0.0809221 0.0441299 0.0499981
2 0.850626 0.527742 0.159913 0.0900232
0 0.711853 0.970529 0.0780144 0.0391957
2 0.908794 0.661955 0.0917871 0.045593
2 0.7374 0.66192 0.0753724 0.0376727
8 0.524009 0.0809133 0.74793 0.0464107
