9 0.486655 0.815116 0.973309 0.244561
2 0.894429 0.0892267 0.120841 0.0620487
2 0.0989481 0.0833182 0.055764 0.0372719
2 0.0791427 0.66047 0.0932902 0.0500084
7 0.255023 0.968662 0.0706698 0.0388743
2 0.615158 0.604904 0.0840647 0.0449243
3 0.481861 0.971454 0.0716297 0.0335653
2 0.136659 0.602406 0.0813747 0.0423637
2 0.857344 0.604223 0.0898088 0.0512021
2 0.767416 0.660895 0.0734121 0.0387076
0 0.708988 0.970943 0.0790672 0.0376549
2 0.907044 0.663065 0.0872084 0.0425678
3 0.709128 0.970529 0.078011 0.0383628
2 0.372097 0.603234 0.0996395 0.0449513
