1 0.494395 0.914828 0.80529 0.0584555
6 0.503173 0.757571 0.786149 0.0577242
1 0.835633 0.679389 0.125303 0.0472904
1 0.504179 0.360509 0.812544 0.0553803
1 0.837477 0.601411 0.127962 0.0483185
0 0.0997776 0.0837171 0.067657 0.0321983
2 0.893007 0.0891177 0.118291 0.062296
2 0.335427 0.521603 0.460727 0.0575758
0 0.72077 0.974757 0.0635055 0.0292958
2 0.29322 0.291634 0.398205 0.0380589
1 0.50398 0.441831 0.797125 0.0576591
1 0.832874 0.836197 0.122921 0.0436844
1 0.499217 0.834874 0.786754 0.0553848
6 0.509996 0.835595 0.833501 0.060486
6 0.502116 0.678949 0.790034 0.0577791
1 0.832407 0.913319 0.127846 0.0454758
0 0.261593 0.968955 0.0729551 0.0385064
