2 0.350566 0.317672 0.519117 0.0539594
2 0.256799 0.723877 0.335926 0.0534686
2 0.353562 0.397774 0.521447 0.0568732
2 0.410785 0.491516 0.635601 0.0792793
0 0.099929 0.0828693 0.0660764 0.0310545
2 0.895223 0.0900477 0.116991 0.0651639
0 0.72401 0.970971 0.0737512 0.0405895
2 0.285998 0.591017 0.384386 0.0313176
3 0.494051 0.970781 0.0704658 0.0285334
7 0.267212 0.969925 0.0816306 0.0374992
2 0.431399 0.805295 0.680783 0.0555483
2 0.30974 0.23577 0.4424 0.0629079
2 0.342873 0.654957 0.501373 0.0361752
