8 0.497068 0.485118 0.715465 0.0826169
8 0.497792 0.386366 0.719896 0.0826476
8 0.501951 0.298944 0.723138 0.0879745
8 0.496503 0.582605 0.72069 0.0842971
2 0.728424 0.0822852 0.246047 0.0605212
2 0.487576 0.726419 0.663464 0.0700554
2 0.490805 0.803219 0.665856 0.0672896
0 0.716067 0.970386 0.0659703 0.0352625
2 0.475021 0.882301 0.657281 0.0693201
3 0.488576 0.970242 0.0554122 0.0356694
2 0.0899347 0.0788109 0.0621914 0.0406871
2 0.903354 0.087236 0.0971452 0.0570519
7 0.258891 0.968275 0.0803583 0.0365588
