0 0.725602 0.973721 0.0675365 0.0326895
2 0.847754 0.899978 0.0642017 0.0374083
3 0.497218 0.971648 0.0623801 0.0280099
2 0.119451 0.104806 0.143543 0.0768694
7 0.270375 0.970812 0.0668797 0.0314789
2 0.386954 0.206045 0.598196 0.0474987
2 0.434173 0.27447 0.690383 0.04789
2 0.217554 0.653449 0.249573 0.0420221
2 0.386228 0.342703 0.611421 0.052921
2 0.351831 0.530669 0.530842 0.0425374
2 0.438008 0.463748 0.702386 0.0484132
2 0.364432 0.779256 0.580385 0.0544361
2 0.135748 0.905576 0.13729 0.0618967
8 0.472538 0.652766 0.792724 0.0715365
