2 0.829942 0.698974 0.192805 0.0901802
2 0.390882 0.514931 0.196823 0.0905226
2 0.825867 0.881917 0.193894 0.092634
5 0.390248 0.663998 0.67945 0.403908
2 0.167072 0.512965 0.201659 0.0929788
2 0.834568 0.516236 0.194579 0.0919608
2 0.827879 0.790054 0.203495 0.0818116
7 0.230532 0.963561 0.0704412 0.0331512
0 0.766955 0.966202 0.0648373 0.0320946
3 0.49693 0.964791 0.0706513 0.0346356
2 0.472698 0.390271 0.103353 0.0473622
2 0.613859 0.515641 0.197991 0.0931401
2 0.321463 0.388765 0.105916 0.0501154
