2 0.370626 0.90546 0.092073 0.0563898
2 0.133771 0.905557 0.106282 0.0601698
2 0.846535 0.904148 0.107572 0.0692264
2 0.609866 0.905117 0.160793 0.0594739
2 0.895413 0.0832671 0.103121 0.0593938
0 0.713311 0.971433 0.0609291 0.032681
8 0.41169 0.0768007 0.693812 0.0657196
2 0.72218 0.0776779 0.0523372 0.0448001
2 0.206364 0.314469 0.274071 0.0673914
3 0.486787 0.970969 0.063188 0.0294432
4 0.89444 0.755583 0.0340489 0.039191
7 0.259395 0.967685 0.0621872 0.0324948
2 0.834402 0.0258014 0.0427085 0.0210075
2 0.174632 0.494449 0.219191 0.0699999
2 0.785827 0.0260214 0.0405345 0.0206848
2 0.174522 0.579654 0.226155 0.0667245
2 0.159144 0.404813 0.194299 0.0613603
2 0.157267 0.226098 0.216009 0.0689395
2 0.245176 0.669991 0.355405 0.0593042
