9 0.488888 0.815041 0.962394 0.239284
2 0.130689 0.358024 0.16997 0.0914672
2 0.316263 0.533635 0.16715 0.0894307
2 0.13947 0.533274 0.143647 0.0868263
2 0.156221 0.21166 0.156491 0.109669
2 0.310833 0.357985 0.1442 0.091651
2 0.673214 0.531953 0.168004 0.0891168
2 0.642522 0.0860102 0.0609588 0.0300957
7 0.257879 0.968417 0.0650458 0.0374887
3 0.483416 0.971219 0.0671757 0.0347858
2 0.0808722 0.659218 0.0913476 0.0496441
2 0.853007 0.532413 0.176522 0.0925343
2 0.907998 0.661621 0.0949543 0.0469714
0 0.710578 0.970506 0.0781397 0.0394134
2 0.494866 0.531823 0.158428 0.0885182
2 0.0960076 0.0817014 0.0516392 0.0462223
