1 0.547217 0.200199 0.81016 0.0600082
6 0.51861 0.528564 0.888379 0.0572161
1 0.527709 0.267871 0.843985 0.0559541
7 0.228306 0.963763 0.0626743 0.0299505
6 0.509289 0.722023 0.877086 0.058667
6 0.514662 0.785998 0.891856 0.0555095
0 0.766891 0.966576 0.0551462 0.0283652
0 0.103976 0.108421 0.0470772 0.0409587
6 0.51658 0.462683 0.888967 0.0624615
1 0.540328 0.334237 0.795497 0.0502269
1 0.526872 0.659343 0.807189 0.0486018
1 0.505626 0.851755 0.855465 0.0442825
3 0.497442 0.965007 0.061926 0.0277338
4 0.918505 0.112373 0.0752911 0.0413696
1 0.541899 0.399509 0.790652 0.0488414
1 0.521634 0.595112 0.820656 0.0478809
1 0.513494 0.723499 0.835181 0.0534024
1 0.527225 0.789137 0.802442 0.0458038
1 0.508832 0.912238 0.841633 0.0467532
6 0.523522 0.59509 0.890484 0.0589055
1 0.52227 0.465149 0.838154 0.0526791
6 0.5156 0.658732 0.879405 0.0542787
2 0.254832 0.529406 0.356015 0.0530073
1 0.520851 0.531458 0.824339 0.0468552
1 0.866408 0.917357 0.12399 0.0393317
2 0.91818 0.111943 0.0757762 0.04077
1 0.872914 0.596197 0.115919 0.0416765
1 0.875955 0.46692 0.113297 0.0393059
1 0.881677 0.335074 0.117362 0.0427127
