1 0.492569 0.817258 0.813621 0.0490027
1 0.491191 0.387263 0.865712 0.0558974
1 0.48379 0.601529 0.872117 0.0589401
0 0.101594 0.0831378 0.0645712 0.0314112
2 0.37192 0.466876 0.580977 0.0380643
7 0.260398 0.969103 0.0768533 0.0354159
2 0.894833 0.0869794 0.112936 0.0591113
0 0.715238 0.973139 0.062359 0.0313971
2 0.497486 0.684899 0.837191 0.0738056
2 0.307108 0.762479 0.417335 0.0291812
2 0.361831 0.23721 0.638934 0.0658099
2 0.481859 0.602514 0.876437 0.0558792
2 0.900523 0.0257685 0.0656314 0.0230368
