2 0.408096 0.274942 0.614848 0.050646
2 0.406445 0.350157 0.606001 0.0533692
2 0.301438 0.865193 0.406639 0.0464969
2 0.248776 0.19767 0.288971 0.0520322
1 0.228562 0.423178 0.236438 0.0446218
1 0.238844 0.716665 0.271672 0.0514505
2 0.277116 0.930584 0.367061 0.0421809
2 0.323758 0.79026 0.440916 0.04949
0 0.0993358 0.0832836 0.0543738 0.0303921
2 0.271794 0.496478 0.331858 0.0515028
6 0.318374 0.789829 0.434062 0.0483541
0 0.718396 0.972718 0.0689498 0.0318805
2 0.239695 0.716885 0.273712 0.0507551
4 0.897291 0.0878451 0.0922298 0.0582899
2 0.24384 0.570491 0.281823 0.0495876
1 0.247736 0.199725 0.290284 0.0506798
1 0.270717 0.49873 0.32939 0.0449552
8 0.278132 0.933552 0.377672 0.042211
2 0.265207 0.644289 0.301449 0.0446822
