1 0.504469 0.340505 0.888746 0.0519801
2 0.338524 0.754132 0.537551 0.0345691
2 0.376329 0.832819 0.61956 0.0649805
2 0.372851 0.690972 0.597546 0.0343377
7 0.229233 0.962975 0.0728982 0.0331192
2 0.328479 0.626485 0.516475 0.0357585
2 0.270338 0.559935 0.401488 0.0329877
2 0.256476 0.494084 0.373121 0.0365508
3 0.49731 0.96347 0.0728494 0.0315913
0 0.768178 0.964037 0.0609654 0.0353732
2 0.216627 0.406982 0.290089 0.0358713
0 0.101514 0.108073 0.0553574 0.0396893
2 0.244508 0.276009 0.347741 0.0315023
2 0.174513 0.182222 0.204148 0.0387929
