2 0.279845 0.133012 0.166795 0.0559599
2 0.870278 0.915878 0.0754433 0.0521675
2 0.299466 0.914224 0.104381 0.0512051
2 0.10824 0.91445 0.0877117 0.0537064
2 0.678909 0.915914 0.139736 0.0508965
2 0.811817 0.0712602 0.0882425 0.039227
2 0.487163 0.915829 0.106574 0.0422637
0 0.724672 0.971729 0.0642125 0.0291848
2 0.929853 0.0710704 0.0644538 0.0312948
3 0.494997 0.972068 0.0615795 0.0270261
2 0.66583 0.0709471 0.0765028 0.0376429
7 0.269144 0.969894 0.0804288 0.030856
4 0.895388 0.64431 0.0342248 0.0341812
2 0.47033 0.136585 0.202644 0.0481412
2 0.887632 0.135948 0.192123 0.0339061
2 0.67292 0.137554 0.174173 0.0391211
2 0.10382 0.13229 0.0760648 0.0408283
2 0.0956371 0.648725 0.103733 0.0492415
