2 0.173494 0.855826 0.161975 0.0767121
2 0.110087 0.687539 0.102898 0.0513844
2 0.485976 0.857371 0.189773 0.0996719
2 0.893062 0.0832597 0.120558 0.066701
2 0.311964 0.760581 0.118731 0.030456
2 0.807568 0.857092 0.154677 0.0691647
2 0.308108 0.0661299 0.0775233 0.0445274
2 0.503658 0.0674568 0.0937569 0.0483912
2 0.868019 0.6902 0.0957834 0.0538951
2 0.697691 0.763969 0.178288 0.027499
0 0.718382 0.97135 0.0674658 0.0372797
2 0.109939 0.0662541 0.0895182 0.0460146
3 0.490508 0.971082 0.0586913 0.0308532
2 0.697183 0.0692293 0.0856057 0.0431194
7 0.263733 0.969798 0.0704932 0.0331711
2 0.32354 0.688855 0.0959312 0.0533493
