2 0.44717 0.205249 0.746093 0.0833251
2 0.273068 0.306051 0.407485 0.0579311
2 0.26563 0.80921 0.410824 0.0368552
2 0.923058 0.111395 0.0779317 0.0410286
2 0.350587 0.408391 0.555981 0.0351522
0 0.102115 0.108447 0.0505146 0.0371309
2 0.274838 0.766758 0.415586 0.0296809
2 0.344329 0.472796 0.542795 0.0337522
7 0.228885 0.962614 0.0788406 0.0356293
3 0.496611 0.963389 0.08013 0.0355096
2 0.281771 0.624251 0.419693 0.0325409
2 0.239323 0.55971 0.331812 0.034962
0 0.769986 0.964404 0.0650421 0.0366498
2 0.770808 0.964697 0.0704641 0.0385721
