2 0.830362 0.699159 0.192007 0.09017
2 0.825667 0.881739 0.194111 0.0927463
2 0.391534 0.514476 0.198508 0.0908508
2 0.83467 0.515888 0.193586 0.0925751
5 0.396623 0.664702 0.685308 0.405391
2 0.167322 0.512712 0.202336 0.0921948
0 0.766913 0.966096 0.0649645 0.0319379
7 0.230646 0.963543 0.0699955 0.033153
3 0.497119 0.964753 0.0711096 0.0355076
2 0.828174 0.78998 0.203855 0.0819299
2 0.472091 0.390459 0.10243 0.0473575
2 0.320759 0.388378 0.106748 0.0522666
2 0.614119 0.515616 0.198803 0.0925281
