8 0.504619 0.259217 0.857193 0.0932734
9 0.486097 0.81149 0.972195 0.249871
2 0.789814 0.550444 0.251998 0.0671796
2 0.630821 0.660892 0.0722486 0.0418271
2 0.768401 0.660065 0.073833 0.0415504
8 0.518158 0.152324 0.810554 0.0693476
0 0.0911623 0.0775515 0.062565 0.0374583
3 0.49481 0.971799 0.0718692 0.0341074
7 0.270166 0.968458 0.0634366 0.0393486
2 0.0789877 0.660164 0.0936664 0.0514536
2 0.491954 0.659261 0.0661329 0.0371823
2 0.540461 0.546874 0.187795 0.0346712
0 0.72266 0.971094 0.0802455 0.0373892
2 0.905736 0.661952 0.0931352 0.045207
