6 0.500578 0.802195 0.804304 0.0592846
6 0.497769 0.723617 0.799165 0.0564981
2 0.309014 0.16386 0.42353 0.0600243
2 0.34695 0.248249 0.454593 0.0583681
2 0.25858 0.882745 0.299136 0.0544663
6 0.489807 0.881741 0.813004 0.0620595
2 0.308699 0.330822 0.373206 0.0598148
0 0.0971173 0.0832913 0.0504019 0.0333875
2 0.33668 0.489204 0.442191 0.0572502
2 0.265405 0.410492 0.297457 0.0546465
2 0.299378 0.569483 0.364855 0.0565116
0 0.719795 0.975156 0.0608712 0.0295818
2 0.257731 0.724424 0.312092 0.0531763
2 0.263051 0.647231 0.307368 0.0554239
3 0.493188 0.971441 0.0654612 0.0282061
