9 0.497334 0.806477 0.959822 0.258312
2 0.313144 0.360239 0.146128 0.0894367
2 0.130756 0.358211 0.160701 0.092962
2 0.491411 0.361006 0.159686 0.0875822
2 0.156697 0.199259 0.153219 0.0777862
2 0.670732 0.363234 0.125175 0.0831912
2 0.847731 0.360642 0.165251 0.0903995
2 0.315276 0.532732 0.162218 0.0895077
2 0.143195 0.532347 0.152707 0.0894205
2 0.491074 0.530604 0.165053 0.088511
2 0.670687 0.532232 0.161938 0.0896908
2 0.642893 0.086131 0.0615891 0.0308017
2 0.853022 0.535383 0.161029 0.0903785
3 0.483676 0.970917 0.0653024 0.0352033
7 0.2586 0.968466 0.0657265 0.0382162
2 0.0811707 0.659707 0.0907667 0.0495526
2 0.907536 0.661414 0.0933459 0.0460092
0 0.711662 0.970752 0.0783831 0.0390232
2 0.858637 0.0847496 0.184505 0.052351
