2 0.253035 0.171203 0.303281 0.05007
2 0.381612 0.619911 0.553919 0.046096
2 0.251014 0.324011 0.287483 0.0479404
2 0.292119 0.250061 0.370892 0.0495343
2 0.312079 0.766477 0.411462 0.0488158
2 0.255232 0.546586 0.289847 0.0396591
2 0.262077 0.83959 0.296213 0.0390619
2 0.321858 0.695149 0.430313 0.0384405
0 0.0977251 0.0833327 0.0534543 0.0333709
0 0.719389 0.974113 0.0642265 0.0304065
2 0.358623 0.475978 0.493402 0.0432549
2 0.335547 0.399956 0.43496 0.0401747
2 0.291389 0.912122 0.359749 0.0363476
4 0.895023 0.0875266 0.101089 0.0574182
7 0.262709 0.968269 0.0673032 0.033956
