2 0.134208 0.578316 0.132749 0.0851674
2 0.655685 0.816648 0.159347 0.0868727
2 0.312858 0.338671 0.131179 0.0873372
2 0.12907 0.814138 0.157365 0.0821012
2 0.308748 0.816298 0.123764 0.0805405
2 0.489814 0.216841 0.140604 0.0925818
2 0.65633 0.698114 0.152321 0.0851897
2 0.314289 0.215786 0.143706 0.0937036
2 0.484997 0.459262 0.139741 0.0886022
2 0.134707 0.213862 0.12934 0.0922761
2 0.310945 0.578473 0.141572 0.084865
2 0.668198 0.217397 0.15661 0.0888167
2 0.480689 0.814865 0.151131 0.0838817
2 0.481629 0.69732 0.134472 0.0849689
2 0.308522 0.463384 0.125668 0.0790432
2 0.309221 0.702834 0.136241 0.0762821
2 0.13811 0.461657 0.139961 0.0848007
2 0.485996 0.341976 0.124526 0.0820184
2 0.656203 0.583974 0.120419 0.0769209
2 0.83415 0.458867 0.138958 0.0867422
2 0.483267 0.582666 0.10502 0.0785712
2 0.140319 0.34031 0.159733 0.0870919
2 0.831736 0.586972 0.16331 0.0789521
2 0.137898 0.697846 0.160284 0.085387
2 0.479979 0.91808 0.14252 0.0622174
2 0.829874 0.819362 0.160601 0.0791226
2 0.84134 0.216475 0.151466 0.0873163
0 0.71063 0.973631 0.0558998 0.0282431
2 0.823849 0.920356 0.141225 0.0614701
2 0.836998 0.699785 0.118707 0.0879842
2 0.666085 0.457999 0.161441 0.0884115
3 0.483255 0.97329 0.0611761 0.0242095
2 0.651175 0.919438 0.10225 0.0519897
2 0.66422 0.340958 0.167989 0.0814087
8 0.466057 0.0834492 0.759212 0.0530014
7 0.254372 0.970124 0.0757628 0.0307202
2 0.312516 0.127739 0.117775 0.0229217
2 0.134378 0.126353 0.177553 0.029195
2 0.845127 0.345426 0.164072 0.080983
2 0.494501 0.12705 0.103033 0.0213275
2 0.308706 0.919785 0.139442 0.0622882
