2 0.405298 0.513487 0.606376 0.0445248
2 0.290702 0.211747 0.375153 0.046095
2 0.403604 0.589216 0.597407 0.0509245
2 0.247177 0.439587 0.287583 0.0464503
2 0.298412 0.365873 0.360797 0.0398074
2 0.40826 0.289946 0.594013 0.0388798
0 0.0972191 0.0826295 0.04822 0.0303371
2 0.266564 0.731337 0.32493 0.0497077
0 0.722534 0.972347 0.0680299 0.0354582
2 0.264089 0.877619 0.303207 0.0389569
2 0.244497 0.804649 0.285031 0.0508696
8 0.412916 0.137147 0.63592 0.0488898
4 0.901319 0.0861421 0.0823345 0.0541624
2 0.227949 0.658989 0.236289 0.0402182
