2 0.309213 0.361903 0.373042 0.0568555
2 0.374855 0.26385 0.171449 0.0532809
2 0.305441 0.440128 0.379504 0.0540308
2 0.321161 0.744013 0.427223 0.0518478
2 0.29966 0.819697 0.379685 0.0495565
2 0.381859 0.667081 0.557086 0.0506338
2 0.29555 0.895514 0.356936 0.052927
2 0.290256 0.516519 0.360737 0.0500565
2 0.582562 0.264902 0.2114 0.0424878
4 0.890135 0.0892629 0.11326 0.0601492
2 0.248871 0.592465 0.283661 0.0525287
0 0.722415 0.973418 0.0628249 0.0314206
0 0.099524 0.0822313 0.0692308 0.0361999
