2 0.403511 0.635179 0.602684 0.0510739
2 0.325641 0.330152 0.428047 0.0522427
2 0.325226 0.485014 0.434092 0.0524071
2 0.29907 0.407734 0.353568 0.0514526
2 0.37616 0.138984 0.167679 0.0502726
2 0.352233 0.711223 0.506691 0.052966
2 0.387124 0.250588 0.567492 0.0601121
0 0.100244 0.0822007 0.0663837 0.0303186
0 0.719086 0.973125 0.0623527 0.0318805
2 0.370225 0.862852 0.507741 0.052224
4 0.89276 0.0884908 0.10111 0.0592708
2 0.590881 0.140296 0.217685 0.0443477
2 0.888922 0.0887883 0.103062 0.0590044
2 0.241664 0.560524 0.271058 0.0505835
2 0.27362 0.930314 0.356779 0.0397797
