9 0.48642 0.777367 0.961092 0.298845
8 0.514573 0.0882796 0.934184 0.0614559
2 0.624078 0.224581 0.15721 0.105628
2 0.391286 0.222061 0.168846 0.112965
2 0.127436 0.605151 0.0711719 0.0332701
2 0.341436 0.604946 0.0759817 0.0390336
2 0.507904 0.33233 0.250825 0.0345434
2 0.852075 0.230403 0.168029 0.0976063
2 0.163187 0.221314 0.193187 0.108187
2 0.75585 0.606575 0.0758661 0.0344966
2 0.548672 0.605535 0.0779866 0.0411307
3 0.498682 0.965143 0.0925582 0.0354309
7 0.231785 0.964282 0.0782435 0.0390637
0 0.764004 0.963555 0.0859657 0.0329719
4 0.918148 0.607926 0.0836734 0.027764
4 0.926157 0.0920358 0.0450907 0.0444097
2 0.617001 0.471803 0.124653 0.0320495
2 0.810786 0.471342 0.113831 0.0286749
