9 0.490045 0.811489 0.959582 0.245637
2 0.819439 0.160954 0.0915725 0.049095
2 0.0961299 0.157581 0.0908344 0.0508675
8 0.477281 0.0818034 0.646057 0.0738498
2 0.631501 0.660071 0.0727569 0.0454057
2 0.769376 0.659242 0.0689742 0.0428874
0 0.114647 0.0790246 0.0530848 0.0349692
2 0.222973 0.309157 0.298739 0.050254
2 0.288028 0.386067 0.418554 0.0544026
3 0.491361 0.97117 0.0679675 0.0345606
7 0.266853 0.968381 0.0611839 0.0382947
2 0.920711 0.238316 0.070178 0.0364977
2 0.492526 0.659631 0.0668042 0.0402172
2 0.907768 0.662006 0.0971985 0.0473439
0 0.719221 0.971109 0.0799285 0.0376494
2 0.0805529 0.659599 0.0949906 0.0505679
2 0.888532 0.0835318 0.0961716 0.0530402
2 0.241306 0.160656 0.14149 0.0620769
