2 0.135901 0.910361 0.0794258 0.0527623
2 0.3136 0.909241 0.088751 0.0528815
2 0.668228 0.909817 0.0623258 0.0541974
2 0.791002 0.84235 0.217151 0.0438618
0 0.715524 0.972025 0.0636584 0.0320939
3 0.486975 0.971499 0.0651653 0.029211
2 0.232221 0.284916 0.20275 0.114582
2 0.495051 0.748868 0.59057 0.0660281
2 0.229794 0.434131 0.199838 0.121014
2 0.492843 0.91045 0.0737226 0.0520889
7 0.260938 0.969228 0.0613482 0.0315388
2 0.504851 0.300034 0.208946 0.143093
2 0.231234 0.569217 0.20347 0.114615
2 0.85977 0.907588 0.0974515 0.0656046
2 0.179786 0.83858 0.171608 0.0701845
