1 0.512534 0.527145 0.867025 0.0586415
1 0.516094 0.463129 0.846375 0.0462607
0 0.10348 0.107961 0.043743 0.0396631
1 0.537172 0.399087 0.8128 0.0529183
7 0.228531 0.963278 0.064155 0.0311857
1 0.571554 0.266058 0.757104 0.0555526
1 0.569971 0.199002 0.75288 0.0473694
0 0.767063 0.966148 0.057838 0.0296094
1 0.508185 0.593 0.871855 0.0550472
6 0.51165 0.721977 0.884771 0.0598279
4 0.918553 0.112527 0.0757034 0.0413286
1 0.514448 0.331995 0.862437 0.0584203
1 0.560256 0.657972 0.750952 0.0518588
2 0.271982 0.333071 0.37914 0.054131
3 0.49766 0.964959 0.0657196 0.0283037
1 0.528813 0.850591 0.796033 0.0402807
2 0.246889 0.265507 0.317423 0.0514835
1 0.563664 0.721832 0.730618 0.0517422
1 0.870104 0.723472 0.117706 0.0409021
2 0.918097 0.112079 0.0759644 0.0405244
1 0.86639 0.915355 0.124536 0.0385388
2 0.259775 0.52799 0.364547 0.055519
1 0.51721 0.787471 0.822462 0.0462204
6 0.516539 0.657323 0.890351 0.0579303
1 0.869616 0.787739 0.113487 0.0381038
6 0.502788 0.78651 0.869505 0.0501978
8 0.51072 0.195084 0.877545 0.0737883
1 0.871851 0.658709 0.114792 0.0410709
1 0.880934 0.333571 0.120793 0.0446442
1 0.872593 0.5946 0.117424 0.0416174
1 0.878683 0.399055 0.114532 0.0425606
