1 0.499181 0.517065 0.820548 0.0761281
1 0.491349 0.876291 0.811287 0.0793466
2 0.394165 0.324211 0.687398 0.0578345
1 0.504448 0.613088 0.826155 0.0704236
1 0.501221 0.417035 0.814358 0.0752111
0 0.100797 0.0828293 0.0675916 0.031556
2 0.894668 0.0898717 0.115687 0.0643705
2 0.483505 0.740994 0.781444 0.133627
7 0.260762 0.967517 0.0764575 0.0378769
2 0.204881 0.161566 0.229801 0.0305002
1 0.489001 0.741017 0.796856 0.130651
0 0.716431 0.972122 0.0707717 0.0368715
2 0.4086 0.237836 0.6428 0.0588488
