2 0.326596 0.752422 0.430327 0.0521431
2 0.325766 0.373098 0.435681 0.0528385
2 0.363948 0.829592 0.526691 0.0545605
2 0.408193 0.451285 0.604522 0.0540367
2 0.327743 0.292975 0.435242 0.0541717
2 0.358037 0.678079 0.465779 0.0523956
2 0.386224 0.602632 0.528336 0.0514585
2 0.375245 0.138586 0.169645 0.0508478
0 0.100599 0.0824623 0.063616 0.0292015
2 0.590841 0.141561 0.234487 0.0456442
2 0.238983 0.904685 0.279674 0.052239
0 0.718857 0.973054 0.0722454 0.0337829
4 0.894539 0.0876976 0.0927634 0.0559071
