2 0.490106 0.86191 0.417464 0.0732412
2 0.793234 0.591211 0.186541 0.04618
2 0.794273 0.50404 0.150325 0.072549
2 0.194227 0.499989 0.136151 0.0656056
2 0.59348 0.677633 0.151382 0.0722879
2 0.802764 0.32384 0.16446 0.0770412
2 0.788977 0.677052 0.153428 0.072059
2 0.590135 0.765418 0.183394 0.0464621
2 0.396267 0.413336 0.188877 0.0465735
8 0.442169 0.214569 0.632688 0.0648239
2 0.798425 0.413618 0.185715 0.0480467
2 0.594044 0.501274 0.164564 0.0763388
2 0.394655 0.590471 0.181527 0.0444592
2 0.595087 0.399202 0.182624 0.0786877
2 0.591547 0.590784 0.180244 0.0445728
2 0.390542 0.676744 0.152862 0.0719479
2 0.193563 0.582775 0.181044 0.0607827
2 0.389749 0.504129 0.163299 0.081072
2 0.39192 0.763256 0.181401 0.0433761
2 0.89466 0.0869955 0.117731 0.061546
2 0.263275 0.968259 0.0696477 0.0412106
2 0.191717 0.748526 0.182388 0.0768532
2 0.194679 0.408707 0.186591 0.0545249
2 0.486752 0.970617 0.0633128 0.0358638
2 0.817228 0.213137 0.108686 0.0610137
2 0.191048 0.683352 0.169807 0.0891037
2 0.717602 0.970333 0.0573738 0.0413679
2 0.193669 0.342119 0.176745 0.124813
2 0.594888 0.323458 0.178648 0.0856149
0 0.71731 0.970572 0.05519 0.041853
2 0.790487 0.762555 0.187005 0.0543126
