2 0.279745 0.155152 0.423881 0.09855
2 0.675788 0.248039 0.148729 0.0766965
2 0.323038 0.247906 0.147814 0.0776684
2 0.499777 0.249835 0.143671 0.0712189
2 0.148132 0.248759 0.145718 0.0758902
2 0.879597 0.0726231 0.073274 0.0392557
0 0.713646 0.973216 0.0661344 0.0353677
2 0.406729 0.60491 0.589574 0.0501581
3 0.487244 0.971247 0.0801643 0.0357882
7 0.256286 0.969144 0.0784638 0.0361157
8 0.731914 0.157049 0.442558 0.095124
2 0.330221 0.894272 0.524544 0.0665473
2 0.861117 0.322363 0.126886 0.0650189
