1 0.50026 0.487923 0.879037 0.0647984
1 0.500891 0.582702 0.884802 0.0530428
0 0.103566 0.108715 0.0441483 0.0407002
1 0.499825 0.653663 0.887419 0.0546765
2 0.274481 0.889583 0.390893 0.0311603
2 0.922488 0.111952 0.0785281 0.0430767
7 0.230261 0.963 0.0655209 0.0317136
2 0.437974 0.40774 0.72318 0.0345739
2 0.323936 0.34237 0.502555 0.0365349
2 0.265373 0.650422 0.399637 0.0324899
2 0.30495 0.828041 0.472517 0.0314813
2 0.256947 0.73817 0.36892 0.0331058
3 0.496663 0.964355 0.062077 0.0287795
0 0.768893 0.965257 0.0599612 0.0342436
1 0.507191 0.251741 0.903614 0.0634954
2 0.272259 0.251011 0.3959 0.0410539
1 0.888937 0.252662 0.124248 0.0436488
2 0.311198 0.587211 0.479219 0.0370727
