2 0.3556 0.598917 0.570619 0.0557033
1 0.503067 0.38713 0.91127 0.104426
7 0.230237 0.963183 0.0591676 0.0324308
2 0.507814 0.506064 0.87381 0.0746626
2 0.923531 0.112001 0.0832456 0.0451655
3 0.497673 0.964408 0.0664859 0.0308621
2 0.216547 0.835862 0.307854 0.058335
2 0.236702 0.671779 0.330449 0.0308441
0 0.101072 0.107044 0.0502928 0.041786
2 0.162813 0.736471 0.193724 0.0350647
2 0.768458 0.965834 0.0529237 0.0340929
6 0.209833 0.233954 0.239029 0.14529
3 0.50621 0.280272 0.0797104 0.0376352
2 0.502423 0.670084 0.88726 0.045527
0 0.768723 0.965749 0.0554074 0.0340773
2 0.295472 0.917616 0.470505 0.0512117
