2 0.484923 0.224302 0.172007 0.0916652
2 0.131783 0.221739 0.158004 0.0943415
2 0.309256 0.226206 0.13928 0.0900175
9 0.485334 0.812297 0.970667 0.249507
2 0.133902 0.596249 0.151541 0.0852906
2 0.145203 0.347966 0.143973 0.0676841
2 0.658853 0.225785 0.155715 0.0852856
2 0.830745 0.603356 0.156374 0.0845879
2 0.484956 0.596938 0.142249 0.0813365
2 0.31211 0.600514 0.118704 0.0774517
2 0.0811169 0.660326 0.093078 0.0499729
2 0.4966 0.349466 0.141015 0.0674057
2 0.771313 0.661522 0.0614 0.0331707
2 0.144231 0.427303 0.142366 0.0695163
2 0.65398 0.59977 0.143119 0.0816946
2 0.631326 0.661984 0.0717072 0.032551
2 0.353222 0.66114 0.0803257 0.0271304
2 0.90586 0.662795 0.0849038 0.0399741
3 0.484194 0.971243 0.0689167 0.0337796
7 0.258738 0.96849 0.0687726 0.0383377
2 0.843533 0.223252 0.17454 0.0950583
2 0.333108 0.42667 0.142745 0.0614304
2 0.21852 0.65982 0.0636465 0.0329266
2 0.493968 0.659776 0.0628571 0.0285504
0 0.712172 0.970741 0.0781753 0.0391606
2 0.494375 0.431109 0.148407 0.0725081
2 0.335084 0.349311 0.145395 0.0608771
2 0.684062 0.430608 0.143565 0.0616302
8 0.377721 0.0835605 0.645896 0.0581771
