2 0.489975 0.891795 0.187542 0.0770454
2 0.170468 0.888128 0.186595 0.0748233
2 0.880866 0.165437 0.0640263 0.029658
2 0.879796 0.083289 0.0920381 0.0504763
2 0.808881 0.893923 0.168708 0.0696639
8 0.488144 0.0788841 0.640494 0.0494258
3 0.492266 0.973809 0.0855549 0.0373935
0 0.719637 0.972559 0.0687066 0.0328722
2 0.830445 0.794164 0.0677082 0.0365332
7 0.264814 0.969604 0.076773 0.0368988
2 0.807966 0.881611 0.0620365 0.0393068
2 0.829265 0.801406 0.150134 0.0721887
2 0.749107 0.164381 0.0823553 0.0357848
