1 0.499087 0.601219 0.803373 0.0613719
1 0.503775 0.358826 0.799152 0.0593317
1 0.503414 0.770026 0.770248 0.0712961
1 0.501726 0.439982 0.809707 0.0596779
1 0.509721 0.870237 0.765395 0.0692072
1 0.503547 0.519965 0.801924 0.0572717
0 0.724068 0.971641 0.0665269 0.0325125
0 0.100578 0.0832529 0.0673662 0.0317443
7 0.267761 0.968242 0.074668 0.0345571
3 0.495743 0.970428 0.0653403 0.0295749
2 0.439693 0.277964 0.686056 0.0553226
2 0.480808 0.870203 0.77236 0.0735975
2 0.31901 0.186227 0.449299 0.0509111
2 0.895297 0.0877026 0.112772 0.0607154
