2 0.492452 0.355527 0.158766 0.0883999
9 0.487433 0.814733 0.965779 0.241419
2 0.309168 0.475714 0.128894 0.0848229
2 0.67027 0.356652 0.155316 0.0863616
2 0.13334 0.355966 0.134705 0.0884403
2 0.13211 0.474545 0.143646 0.0874471
2 0.66953 0.479687 0.160015 0.0835729
2 0.131987 0.2097 0.156949 0.105068
2 0.312629 0.353777 0.158654 0.0928005
2 0.850669 0.477643 0.148751 0.0905049
2 0.485581 0.47492 0.119447 0.0902177
2 0.642888 0.0860958 0.0597724 0.0296271
2 0.248747 0.664065 0.0587284 0.0345795
3 0.483346 0.971329 0.0674197 0.0345886
7 0.257907 0.968512 0.0653766 0.0378814
2 0.0790186 0.660449 0.0883873 0.0461774
2 0.906051 0.662999 0.0860698 0.0396128
0 0.711067 0.970871 0.0794682 0.0384841
2 0.849171 0.360818 0.124156 0.0855285
2 0.860721 0.0850845 0.188666 0.0562897
8 0.481094 0.0852791 0.803143 0.0397055
2 0.0931646 0.0864129 0.0519867 0.0319983
