1 0.57828 0.186951 0.747964 0.0560613
1 0.581128 0.254479 0.733364 0.0561652
1 0.508438 0.710484 0.868009 0.0553144
7 0.228415 0.96372 0.0663916 0.0313861
0 0.102268 0.108129 0.0453236 0.0375305
1 0.546995 0.775938 0.766498 0.0515422
1 0.507053 0.646105 0.868089 0.0503213
1 0.506449 0.58163 0.872064 0.0579172
0 0.766739 0.966124 0.0607191 0.0308962
1 0.57984 0.320912 0.730699 0.0558771
1 0.570992 0.839171 0.711633 0.0469715
1 0.512437 0.517945 0.852597 0.0556168
4 0.918189 0.112679 0.075266 0.041125
1 0.508032 0.45237 0.876274 0.058474
2 0.240416 0.710192 0.31071 0.0483863
1 0.51345 0.386793 0.866471 0.051977
2 0.918115 0.112229 0.075383 0.0403315
3 0.496967 0.964813 0.0639966 0.0278906
6 0.519292 0.449949 0.895158 0.0605824
1 0.745511 0.905925 0.357137 0.0410846
1 0.880844 0.322809 0.1156 0.0443465
2 0.266007 0.775549 0.370463 0.053613
1 0.872406 0.584081 0.118829 0.0418831
6 0.52119 0.318924 0.894662 0.0643965
6 0.519614 0.386446 0.88829 0.0515049
1 0.876872 0.454096 0.12184 0.0438352
