2 0.492599 0.356473 0.167078 0.0848865
2 0.313755 0.474896 0.156453 0.0896105
9 0.486071 0.814374 0.966382 0.241145
2 0.13142 0.473339 0.150762 0.0865874
2 0.130006 0.354454 0.169875 0.0893236
2 0.847695 0.481391 0.140278 0.0832212
2 0.492094 0.474168 0.1558 0.0949609
2 0.66944 0.355138 0.143717 0.0895947
2 0.31134 0.352651 0.158076 0.0925016
2 0.667214 0.480568 0.125225 0.083978
2 0.133731 0.216072 0.135023 0.0901408
2 0.850705 0.359261 0.149149 0.0851988
2 0.642624 0.0861052 0.0554513 0.0299633
3 0.483469 0.970976 0.0659461 0.0349985
7 0.258081 0.968333 0.0657559 0.0377102
2 0.906341 0.663369 0.0835565 0.0376169
2 0.733943 0.663497 0.109914 0.033653
0 0.711301 0.970585 0.0809835 0.039382
2 0.786178 0.212729 0.155252 0.0298871
8 0.49663 0.0863078 0.808861 0.0399504
