9 0.488257 0.775879 0.960733 0.304797
2 0.296091 0.346162 0.428446 0.0509541
2 0.268236 0.215934 0.388262 0.0417514
2 0.908431 0.0870018 0.0552514 0.0286486
2 0.29612 0.417466 0.439053 0.0599319
7 0.231688 0.963975 0.0762555 0.0387308
3 0.49787 0.965344 0.0957796 0.0346843
2 0.332884 0.283208 0.510478 0.052566
8 0.541513 0.0882048 0.82732 0.0667817
0 0.763595 0.963635 0.0830403 0.0328246
2 0.269136 0.151168 0.39634 0.0473452
2 0.280578 0.537518 0.422363 0.046345
4 0.921006 0.60748 0.0766013 0.0253971
