2 0.829238 0.88594 0.157807 0.0813449
2 0.613203 0.576158 0.15884 0.0943379
2 0.608458 0.708338 0.181554 0.0999564
2 0.827011 0.71175 0.171067 0.0982422
2 0.167091 0.576868 0.156758 0.0951054
2 0.387715 0.70897 0.214086 0.0978949
2 0.829443 0.577813 0.215696 0.0973527
2 0.602224 0.883999 0.160647 0.0789295
2 0.160325 0.713107 0.146763 0.0947186
2 0.167246 0.438971 0.162812 0.099202
2 0.161819 0.883371 0.16745 0.0838339
2 0.384505 0.883916 0.163377 0.0820001
2 0.389367 0.578459 0.165139 0.105102
0 0.76719 0.9653 0.0686452 0.0355721
7 0.229839 0.96137 0.0706844 0.0342874
3 0.497588 0.964433 0.0597469 0.0344554
