1 0.497271 0.684753 0.879068 0.0598467
1 0.498439 0.600446 0.88397 0.0586658
1 0.51221 0.450858 0.867742 0.0604037
1 0.500615 0.847208 0.879491 0.0981207
2 0.503426 0.527228 0.87545 0.0377889
0 0.102115 0.107713 0.0504341 0.0406478
2 0.408002 0.331083 0.676283 0.0336928
7 0.230173 0.963142 0.0746875 0.0348642
1 0.515948 0.186352 0.880004 0.0636207
0 0.768876 0.965675 0.0635945 0.0346397
3 0.496962 0.964331 0.0806903 0.0330418
1 0.871356 0.825918 0.129648 0.043396
2 0.531929 0.186203 0.924841 0.0660993
2 0.495654 0.600506 0.859173 0.0573577
