6 0.498708 0.818118 0.786788 0.0574002
1 0.49285 0.897271 0.802273 0.0592959
2 0.333986 0.582365 0.45876 0.0571811
0 0.719946 0.975027 0.0634106 0.0293994
1 0.503267 0.423465 0.810557 0.054599
1 0.502266 0.502647 0.791777 0.0580264
0 0.0991907 0.0826227 0.0694927 0.0336714
6 0.500108 0.896972 0.823269 0.0627881
6 0.502165 0.739937 0.797329 0.0592891
2 0.294806 0.354477 0.387982 0.0437799
1 0.835247 0.739413 0.118448 0.0431757
2 0.269938 0.42387 0.304984 0.0573084
1 0.506282 0.73976 0.778762 0.0575711
1 0.836193 0.661943 0.126866 0.0478532
2 0.350912 0.501294 0.477379 0.0599394
2 0.893957 0.0874175 0.117705 0.0586116
