1 0.496875 0.912528 0.780639 0.0549899
1 0.497296 0.75515 0.779565 0.0520871
1 0.51514 0.195567 0.779435 0.0516665
0 0.0993847 0.0830273 0.0595532 0.0323234
1 0.50161 0.278307 0.799043 0.0520445
1 0.502079 0.359546 0.795773 0.0530864
1 0.500257 0.518178 0.794363 0.0508838
0 0.718243 0.97425 0.0631956 0.0300684
1 0.507823 0.59606 0.769733 0.050235
6 0.495773 0.833112 0.787239 0.0579599
1 0.2343 0.438591 0.246337 0.0508817
2 0.23274 0.357392 0.25923 0.0547774
3 0.491479 0.974663 0.0582787 0.0214331
0 0.264675 0.969423 0.075553 0.0362668
1 0.490497 0.832495 0.776743 0.0551043
