2 0.322972 0.248499 0.42995 0.0509237
2 0.252948 0.546012 0.290957 0.0473583
0 0.0976278 0.0831889 0.0521029 0.0324224
2 0.32299 0.32597 0.406983 0.0372498
0 0.718209 0.973302 0.0626635 0.0322317
2 0.34382 0.91229 0.446974 0.0367728
2 0.279112 0.840623 0.341937 0.0388999
2 0.264097 0.473768 0.300995 0.039568
2 0.890471 0.0891287 0.106136 0.0589663
2 0.402854 0.694089 0.578712 0.0441098
2 0.410733 0.400528 0.585496 0.0423418
2 0.3064 0.620171 0.379165 0.0408627
4 0.892849 0.0888633 0.105561 0.060269
