0 0.72257 0.971425 0.0718727 0.0323386
1 0.50273 0.308731 0.792624 0.0728723
2 0.492616 0.613603 0.75696 0.0679034
1 0.508424 0.188515 0.830116 0.107016
0 0.0997168 0.0825044 0.0552081 0.0330361
3 0.495366 0.97078 0.0636581 0.0286231
7 0.267729 0.968683 0.0567355 0.0295781
1 0.499073 0.808029 0.783583 0.0723444
1 0.503442 0.512152 0.793983 0.0764638
1 0.510976 0.906501 0.775315 0.074166
1 0.510412 0.409191 0.791174 0.0721895
1 0.504509 0.708419 0.791998 0.0712854
1 0.513056 0.613152 0.781937 0.0676765
