2 0.140946 0.247044 0.144347 0.0901742
2 0.504414 0.249798 0.17083 0.0904108
2 0.319085 0.248792 0.155105 0.0916174
9 0.486935 0.816635 0.97387 0.241432
2 0.683491 0.248893 0.141139 0.0912524
2 0.863077 0.247915 0.144892 0.092635
2 0.641907 0.0861916 0.0571719 0.0314583
3 0.483947 0.97104 0.0684384 0.0338719
7 0.258496 0.968523 0.070148 0.0384708
2 0.0801436 0.659373 0.0923496 0.050244
2 0.247292 0.660301 0.0469975 0.0347029
0 0.712264 0.970851 0.0792836 0.0387216
2 0.0909467 0.0855864 0.044844 0.0356738
2 0.906609 0.661594 0.0901223 0.0440736
