2 0.832834 0.646273 0.161186 0.0930673
2 0.384061 0.787226 0.173497 0.0968567
2 0.605607 0.787954 0.171575 0.098071
2 0.385901 0.64546 0.160136 0.0945836
2 0.163665 0.787207 0.166346 0.0975003
2 0.395815 0.200377 0.169002 0.0999457
2 0.847834 0.204347 0.165297 0.0973583
2 0.168264 0.198738 0.164278 0.103213
2 0.837341 0.500022 0.145211 0.0915979
2 0.609482 0.644501 0.163055 0.0946407
2 0.828358 0.790775 0.163022 0.0990278
2 0.167817 0.350169 0.163632 0.0935638
2 0.165588 0.498219 0.154818 0.0938819
2 0.613581 0.499233 0.161325 0.0944606
2 0.622151 0.201107 0.172729 0.100054
2 0.389443 0.499319 0.15306 0.0925632
2 0.165509 0.643484 0.154645 0.0953877
8 0.489665 0.0897598 0.865066 0.0651541
2 0.842292 0.353889 0.154812 0.0933414
2 0.393778 0.352939 0.150919 0.0953566
2 0.618503 0.353139 0.15722 0.0963474
7 0.232105 0.96232 0.0828685 0.0363525
3 0.498161 0.964184 0.0827638 0.0372967
0 0.766451 0.965163 0.0668859 0.037506
4 0.92325 0.0927553 0.0498227 0.0465188
