2 0.833396 0.153154 0.26135 0.0637372
5 0.492736 0.581007 0.874203 0.292634
2 0.661394 0.0769052 0.0544386 0.0391271
2 0.0798889 0.0755403 0.0614267 0.0378876
2 0.515429 0.281711 0.132551 0.0252723
2 0.796334 0.0786343 0.0597191 0.0393529
0 0.723918 0.971062 0.071266 0.0333899
4 0.895953 0.0855656 0.0964276 0.0546975
4 0.0995537 0.151425 0.0864628 0.0433248
8 0.367945 0.0773999 0.462617 0.0593681
7 0.267359 0.967283 0.0754234 0.0355331
3 0.49375 0.970462 0.0743629 0.0314102
8 0.383017 0.224211 0.611404 0.0640481
2 0.825165 0.694261 0.0527639 0.0251871
