2 0.485511 0.224027 0.171664 0.0926031
2 0.131858 0.221985 0.157103 0.0945131
2 0.309479 0.226435 0.13993 0.0904772
9 0.487015 0.811969 0.956745 0.245337
2 0.145602 0.347986 0.143734 0.0678548
2 0.133908 0.596253 0.150982 0.0853927
2 0.831138 0.603384 0.156636 0.0845407
2 0.658161 0.226428 0.154714 0.0859081
2 0.485092 0.596944 0.144494 0.0812918
2 0.314159 0.600532 0.121008 0.0769758
2 0.497679 0.349292 0.142152 0.0676916
2 0.0819904 0.660199 0.0925573 0.0493051
2 0.771504 0.661595 0.0614924 0.0328464
2 0.144082 0.427846 0.143963 0.0700081
2 0.653924 0.599794 0.142194 0.0812332
3 0.483826 0.971059 0.0666027 0.0352707
7 0.258458 0.968347 0.06555 0.0381537
2 0.63067 0.661689 0.0711081 0.031738
2 0.353966 0.661276 0.0797303 0.0274692
2 0.905754 0.663204 0.0835767 0.0400177
2 0.218372 0.660291 0.0658409 0.0339576
2 0.494893 0.660048 0.0652825 0.0286395
2 0.843404 0.22402 0.176219 0.0958058
2 0.496427 0.432359 0.148431 0.0744603
2 0.33374 0.426335 0.143073 0.0620614
0 0.711444 0.97057 0.07712 0.0393072
2 0.683587 0.430412 0.141174 0.0616811
2 0.334908 0.349192 0.14658 0.0609101
2 0.131535 0.136598 0.13371 0.0422125
