2 0.140606 0.246854 0.144274 0.0901711
2 0.504415 0.24948 0.171369 0.0907506
9 0.489809 0.815166 0.957581 0.239309
2 0.319069 0.248609 0.15478 0.0917333
2 0.68349 0.248758 0.141331 0.0912447
2 0.863298 0.247837 0.145012 0.0925707
2 0.642188 0.0861115 0.0564857 0.0311426
3 0.483523 0.971022 0.0656897 0.0350311
7 0.257895 0.968501 0.0662097 0.037309
2 0.247549 0.660132 0.0478918 0.03409
2 0.0802845 0.659353 0.0914421 0.0491957
0 0.710776 0.970693 0.0768959 0.038952
2 0.907491 0.661368 0.0958499 0.0477865
2 0.0964364 0.0822085 0.0540776 0.047038
