9 0.489555 0.812462 0.960865 0.24414
2 0.77019 0.658901 0.0741536 0.0456523
2 0.632253 0.660177 0.074652 0.0464316
3 0.488072 0.971157 0.0700199 0.0340953
7 0.262541 0.968822 0.065706 0.0375237
0 0.0796723 0.0777788 0.062598 0.0374001
8 0.482052 0.0831648 0.70945 0.0480213
2 0.907101 0.66196 0.0950081 0.0473346
2 0.894005 0.0877396 0.110204 0.0598416
2 0.49359 0.660247 0.0710856 0.040387
0 0.71546 0.970948 0.0784459 0.0377975
2 0.0802548 0.659609 0.0943082 0.0490488
3 0.714889 0.971231 0.0755341 0.0379965
