2 0.605826 0.787623 0.2057 0.104824
2 0.84683 0.203053 0.161035 0.0968222
2 0.397202 0.199439 0.196362 0.10124
2 0.832082 0.644515 0.181742 0.096561
2 0.170747 0.19889 0.186395 0.10296
2 0.385478 0.786579 0.16992 0.103062
2 0.830014 0.789989 0.200412 0.100139
2 0.1644 0.788811 0.212866 0.10305
2 0.621467 0.20069 0.21688 0.101761
2 0.164672 0.643299 0.194469 0.093211
2 0.164432 0.498634 0.153289 0.0939338
8 0.481075 0.0901209 0.865858 0.0648838
2 0.388793 0.498911 0.178647 0.0954337
2 0.607361 0.644519 0.21385 0.0977927
2 0.387424 0.643086 0.185365 0.096053
2 0.161654 0.352655 0.203393 0.094357
2 0.618274 0.353007 0.156453 0.0981416
2 0.392195 0.352434 0.153392 0.0912948
2 0.835342 0.502228 0.161435 0.0942106
3 0.498014 0.964494 0.0846965 0.0373231
7 0.231813 0.962116 0.0844598 0.0370214
0 0.765802 0.964622 0.0651009 0.0373035
2 0.84013 0.353349 0.170467 0.0951582
2 0.599226 0.498899 0.194327 0.0959193
4 0.923101 0.0929105 0.0515449 0.0467592
