2 0.360603 0.30085 0.576676 0.0565117
2 0.382142 0.21228 0.625889 0.0653724
7 0.229349 0.963274 0.0617054 0.032998
2 0.301163 0.627219 0.470749 0.0556457
2 0.226439 0.542813 0.312356 0.0560664
2 0.923122 0.111746 0.0756811 0.039849
0 0.1021 0.108548 0.0506728 0.039258
2 0.273061 0.763385 0.409413 0.0340981
2 0.241444 0.376053 0.340506 0.0325007
2 0.265503 0.699572 0.384851 0.0322017
3 0.497208 0.964098 0.0614806 0.0287213
2 0.288727 0.91852 0.454968 0.0405225
2 0.348725 0.852881 0.571578 0.0315939
0 0.76876 0.96628 0.0563274 0.0314862
2 0.167058 0.441643 0.195632 0.0357185
