6 0.716438 0.580837 0.0880887 0.0466967
2 0.711709 0.406133 0.415485 0.0506368
6 0.604776 0.580574 0.090672 0.046851
6 0.26857 0.581054 0.0909701 0.0455405
6 0.493044 0.58022 0.090848 0.0468004
6 0.380655 0.580612 0.0916176 0.0454971
2 0.234063 0.835049 0.283941 0.0585532
2 0.263431 0.754188 0.349303 0.0592192
2 0.831684 0.580813 0.0556495 0.0296682
2 0.179148 0.499182 0.17701 0.0545982
0 0.719323 0.972265 0.0702856 0.0377119
2 0.893574 0.0894545 0.117811 0.062321
2 0.716657 0.581285 0.0874389 0.0461889
2 0.15683 0.579267 0.0551987 0.0246243
