2 0.67739 0.248851 0.157547 0.0905637
2 0.499673 0.249714 0.163108 0.0929109
9 0.489807 0.815299 0.958084 0.239053
2 0.320007 0.250054 0.145809 0.0933238
2 0.141103 0.249201 0.157853 0.0899969
2 0.861079 0.250303 0.159868 0.0956917
2 0.641971 0.086144 0.0574078 0.0316851
3 0.483724 0.971083 0.0660257 0.0351239
7 0.257648 0.968822 0.0683352 0.0385586
2 0.906982 0.661873 0.0972978 0.0475288
0 0.711327 0.970587 0.0773596 0.0392032
2 0.0807926 0.65927 0.0909612 0.0473514
2 0.679801 0.660742 0.0777213 0.0449521
