2 0.81702 0.763482 0.189914 0.0902258
2 0.81876 0.650332 0.187435 0.0880093
2 0.815609 0.875575 0.187495 0.090683
2 0.823578 0.537203 0.192558 0.0899084
2 0.596083 0.874555 0.187256 0.0932474
2 0.159716 0.419979 0.197851 0.0947817
2 0.381054 0.421444 0.196349 0.0976784
2 0.604053 0.420579 0.199372 0.0988913
2 0.82774 0.421214 0.195974 0.0967029
2 0.377497 0.873351 0.195911 0.092623
5 0.383391 0.612346 0.678303 0.5449
2 0.67726 0.0893605 0.0710875 0.0410281
2 0.791554 0.0890252 0.0669453 0.0406409
2 0.59741 0.761941 0.193245 0.0953165
2 0.379816 0.761486 0.197876 0.0968204
0 0.723649 0.974419 0.0639848 0.032789
4 0.902475 0.0884695 0.0728833 0.0587928
3 0.496301 0.971697 0.0722828 0.0373045
7 0.270343 0.973899 0.0633592 0.0297458
2 0.0995516 0.0843894 0.0835593 0.0429057
