2 0.32876 0.32612 0.437327 0.0536443
2 0.329335 0.246068 0.432477 0.0556533
2 0.272068 0.859347 0.341285 0.0526333
2 0.353887 0.630986 0.470969 0.0534907
2 0.375721 0.139186 0.166601 0.0495467
2 0.388242 0.55436 0.529994 0.0517887
0 0.100622 0.0828598 0.0630117 0.0298212
2 0.58738 0.139124 0.207048 0.0399779
2 0.228253 0.706685 0.248065 0.0503263
6 0.493989 0.859559 0.799524 0.0602064
2 0.893835 0.0894182 0.115945 0.0643345
0 0.720336 0.972751 0.0622794 0.0332847
7 0.262547 0.969983 0.067455 0.0365714
2 0.249732 0.403008 0.261283 0.0519519
