1 0.510384 0.271452 0.887857 0.0632824
1 0.509928 0.345293 0.879835 0.0610234
1 0.496674 0.427251 0.90621 0.0653135
7 0.229915 0.96353 0.0687428 0.031803
2 0.921311 0.111193 0.0794441 0.0447567
2 0.213911 0.918766 0.30281 0.030527
0 0.769816 0.964467 0.06942 0.0366608
2 0.200711 0.580829 0.268917 0.0322908
2 0.248858 0.877359 0.365985 0.0310053
3 0.497111 0.963455 0.0810551 0.0332534
1 0.519185 0.195621 0.872594 0.0666377
0 0.100817 0.10702 0.0569586 0.0415049
2 0.353249 0.735097 0.55918 0.0359618
2 0.408949 0.649535 0.675354 0.0369733
2 0.227097 0.514873 0.31157 0.0371816
2 0.390161 0.830176 0.644329 0.0347193
2 0.503424 0.578484 0.90604 0.0548595
2 0.240676 0.428974 0.331242 0.03665
1 0.888874 0.194797 0.137452 0.0435195
