8 0.500621 0.430626 0.707445 0.0799595
8 0.496972 0.53019 0.711456 0.0770777
8 0.504402 0.343125 0.715027 0.0895016
9 0.486715 0.813633 0.955641 0.244228
2 0.729301 0.081812 0.243925 0.0606929
3 0.489643 0.971193 0.0700642 0.0353753
2 0.631094 0.661363 0.0669954 0.0335379
7 0.263492 0.968644 0.0641852 0.0372831
2 0.0898442 0.0789419 0.0661057 0.0418358
2 0.902271 0.0867442 0.0982808 0.0572478
0 0.717532 0.970958 0.0780263 0.0374293
2 0.0798099 0.658886 0.0910723 0.0457074
2 0.77043 0.661345 0.0655613 0.0349894
8 0.484565 0.611824 0.714716 0.046078
