2 0.676229 0.407478 0.15552 0.0901802
9 0.490717 0.815045 0.95854 0.238604
2 0.130511 0.213429 0.154629 0.0991164
2 0.496874 0.408795 0.146407 0.0934719
2 0.319081 0.407136 0.145022 0.0926245
2 0.853577 0.407714 0.165233 0.0894537
2 0.140058 0.408344 0.173592 0.0883814
2 0.642415 0.0860314 0.0591038 0.0302362
3 0.483468 0.970987 0.0652292 0.035513
7 0.257879 0.968334 0.0671172 0.0378217
2 0.0801306 0.659336 0.0921948 0.0501843
2 0.907495 0.661363 0.0952516 0.0474881
0 0.711114 0.970354 0.0783905 0.0393923
2 0.859829 0.0858183 0.183896 0.0526172
2 0.246432 0.660198 0.0493935 0.0361145
