1 0.526942 0.232715 0.847309 0.0543241
6 0.517267 0.749914 0.896496 0.0552387
0 0.103976 0.107834 0.0445803 0.0394254
1 0.551292 0.297913 0.793333 0.0502712
6 0.513114 0.68509 0.883494 0.0574698
7 0.228911 0.96334 0.0722511 0.0320812
1 0.507989 0.81724 0.842304 0.0466659
0 0.767017 0.966036 0.056912 0.0299844
1 0.531097 0.752874 0.796355 0.0463238
1 0.556475 0.363201 0.7636 0.0498932
1 0.528325 0.559116 0.807062 0.0487214
3 0.497113 0.965029 0.0706139 0.0293773
1 0.529802 0.689864 0.802561 0.0479631
1 0.506299 0.428168 0.878282 0.0593752
6 0.519419 0.492817 0.894731 0.0595063
1 0.560361 0.168361 0.786039 0.0420357
2 0.258856 0.428939 0.365899 0.0562751
1 0.520702 0.623841 0.819807 0.0496541
1 0.525995 0.494942 0.82809 0.0517129
1 0.510716 0.887577 0.834252 0.0596153
6 0.522625 0.558677 0.889645 0.0579324
4 0.917996 0.111538 0.0741698 0.0385178
6 0.516501 0.42674 0.899607 0.0639764
6 0.519902 0.815697 0.889809 0.0498291
6 0.515684 0.622229 0.880359 0.0526727
1 0.876204 0.495551 0.116809 0.0422338
1 0.87382 0.560347 0.109587 0.0407391
1 0.868641 0.817953 0.114585 0.0373176
1 0.872027 0.626014 0.112988 0.0403177
2 0.255084 0.493178 0.354825 0.0523015
1 0.882587 0.298313 0.116763 0.043628
