2 0.847585 0.900131 0.0647532 0.0387762
2 0.362775 0.545517 0.54404 0.0579246
2 0.119745 0.103779 0.143777 0.0745567
0 0.726098 0.973529 0.0712937 0.0320401
3 0.497408 0.971477 0.0615614 0.0275653
2 0.349211 0.27698 0.532808 0.0409054
2 0.334186 0.469089 0.496801 0.0418987
2 0.343352 0.3467 0.5049 0.0449074
2 0.426965 0.746932 0.687383 0.0502091
7 0.270496 0.970473 0.0681129 0.0300366
2 0.38016 0.683131 0.589571 0.0428889
2 0.381905 0.211799 0.598679 0.0389135
2 0.379071 0.813336 0.598761 0.0525036
