2 0.492062 0.827172 0.589787 0.0662451
2 0.493527 0.889851 0.203041 0.0292637
2 0.379553 0.247552 0.185497 0.11242
2 0.896304 0.087656 0.118686 0.0642282
2 0.179488 0.248896 0.180466 0.110679
2 0.771912 0.247343 0.176417 0.110894
2 0.380091 0.350468 0.176462 0.0475274
2 0.182602 0.350408 0.179592 0.0489613
2 0.772737 0.352545 0.173327 0.0457661
8 0.458423 0.0767088 0.71257 0.0540271
2 0.923104 0.353178 0.0661997 0.0298087
2 0.79328 0.468264 0.210408 0.0426013
2 0.577953 0.353279 0.172728 0.0415746
2 0.581596 0.235096 0.152767 0.0899928
