2 0.830904 0.698974 0.191799 0.0902127
2 0.83448 0.516039 0.191739 0.0923191
2 0.391746 0.516354 0.200385 0.0935555
2 0.826071 0.881895 0.193973 0.0928434
5 0.403264 0.662728 0.698799 0.405139
0 0.767194 0.966189 0.0659515 0.0323178
7 0.230939 0.963472 0.0717983 0.0336412
2 0.167474 0.512992 0.201223 0.0926256
3 0.496762 0.964668 0.0724312 0.0356457
2 0.827276 0.790134 0.203845 0.0819666
2 0.473058 0.390671 0.106536 0.0486711
2 0.614967 0.515658 0.197766 0.0938538
2 0.321013 0.388086 0.105556 0.0510015
