2 0.217317 0.826787 0.307595 0.0320331
1 0.506519 0.245483 0.900808 0.0648868
7 0.230165 0.962908 0.0748689 0.0347369
2 0.225284 0.739901 0.319348 0.0305454
2 0.213234 0.869201 0.298872 0.0311121
2 0.25504 0.783777 0.374356 0.0303256
2 0.921899 0.111244 0.0780822 0.0433266
2 0.202288 0.401225 0.268975 0.0335766
3 0.496657 0.964953 0.0749425 0.0316287
2 0.408558 0.47261 0.673645 0.0399844
0 0.768979 0.964825 0.0603107 0.0354327
2 0.253186 0.698735 0.372041 0.0325337
2 0.352704 0.562434 0.569379 0.047795
2 0.230319 0.334078 0.314818 0.0381926
2 0.101549 0.107923 0.0549434 0.0378278
2 0.244622 0.245706 0.33532 0.0361988
1 0.889591 0.245957 0.135246 0.0472743
0 0.102177 0.108019 0.0606514 0.040454
