2 0.286829 0.782835 0.365329 0.0520141
2 0.345861 0.707472 0.470247 0.0489703
2 0.409788 0.403073 0.595736 0.0498202
2 0.296312 0.631068 0.356222 0.0505228
2 0.406249 0.247063 0.601848 0.0548372
2 0.392144 0.165167 0.529907 0.062125
2 0.276089 0.480563 0.317097 0.0479832
0 0.101573 0.0829167 0.0585311 0.030817
2 0.234173 0.325802 0.265993 0.053336
6 0.491415 0.858639 0.793349 0.0620197
2 0.366605 0.555714 0.529641 0.0491249
0 0.720518 0.971709 0.0684318 0.0352881
2 0.236551 0.858439 0.276379 0.0543604
