2 0.394503 0.538226 0.578195 0.0446158
2 0.288322 0.610185 0.370732 0.046073
2 0.271064 0.313936 0.329422 0.0500951
2 0.397736 0.463648 0.575153 0.0455939
2 0.244485 0.828707 0.287815 0.0445033
2 0.399086 0.904478 0.610895 0.0485648
0 0.096858 0.0831181 0.0514045 0.0322249
2 0.40044 0.684834 0.581476 0.0398153
2 0.260876 0.38795 0.290663 0.0448715
2 0.295393 0.757877 0.362786 0.0389742
0 0.720804 0.972338 0.0710145 0.0376249
2 0.318466 0.239819 0.409906 0.0470687
4 0.897026 0.0868557 0.095873 0.0560322
2 0.236566 0.160709 0.254479 0.0427579
