2 0.448951 0.288882 0.660024 0.0457454
2 0.451174 0.47605 0.668871 0.0489387
2 0.386799 0.786412 0.54512 0.0548216
2 0.401872 0.355343 0.57576 0.0502504
2 0.40483 0.220985 0.575827 0.0461608
8 0.487842 0.662008 0.749268 0.0696828
2 0.373094 0.541177 0.506962 0.0421657
7 0.291851 0.974706 0.0653466 0.0303126
3 0.508631 0.975335 0.056824 0.0281998
2 0.153099 0.12141 0.136028 0.0767602
0 0.726938 0.977507 0.0689376 0.0326694
2 0.847562 0.904253 0.0612151 0.0348259
2 0.245299 0.662836 0.238319 0.0418134
2 0.167983 0.911278 0.134957 0.0605681
