2 0.669257 0.420837 0.152866 0.0819771
2 0.497005 0.768793 0.131613 0.0848589
2 0.330457 0.88534 0.134132 0.0873206
2 0.671991 0.299365 0.15654 0.0859744
2 0.170327 0.65507 0.156544 0.0824382
2 0.331528 0.772633 0.118114 0.0777019
2 0.675338 0.176146 0.138252 0.0913426
2 0.667083 0.768255 0.156136 0.0881445
2 0.665577 0.656005 0.155138 0.0788223
2 0.503002 0.298302 0.151722 0.0896682
2 0.828746 0.892529 0.157838 0.0819363
2 0.670386 0.538219 0.143612 0.0804678
2 0.845268 0.178745 0.163977 0.0893636
2 0.169979 0.176772 0.148223 0.0923081
2 0.827372 0.769357 0.130612 0.0849416
2 0.167326 0.297577 0.125688 0.0889712
2 0.498211 0.657202 0.111791 0.0765785
2 0.506374 0.175409 0.155405 0.093958
2 0.841811 0.301786 0.134815 0.0847038
2 0.168723 0.41958 0.154434 0.0836336
2 0.831348 0.537247 0.136843 0.0827715
2 0.835415 0.660096 0.155041 0.0754724
2 0.165731 0.885782 0.127426 0.0886023
2 0.333791 0.535912 0.131193 0.0841186
2 0.83695 0.420033 0.142626 0.083111
2 0.165322 0.774488 0.135628 0.0795586
2 0.336678 0.423865 0.129814 0.0753159
2 0.336593 0.175047 0.146637 0.0915191
2 0.336239 0.300792 0.127643 0.0838483
2 0.663207 0.890513 0.112668 0.0818487
2 0.495217 0.888977 0.0974476 0.0799179
0 0.727925 0.975924 0.0651142 0.0327964
2 0.164945 0.534471 0.119846 0.0850935
3 0.511245 0.975037 0.0612614 0.0294761
2 0.502456 0.421598 0.111596 0.0844813
7 0.293436 0.97336 0.0778572 0.0331184
2 0.33351 0.658888 0.105402 0.0769753
2 0.502619 0.538897 0.108344 0.0835865
8 0.517103 0.0981767 0.828566 0.048112
