1 0.513086 0.605897 0.762859 0.0454067
1 0.51113 0.919462 0.759979 0.0472301
2 0.337168 0.353772 0.405708 0.0406331
1 0.523437 0.856024 0.733216 0.0418125
1 0.538111 0.66883 0.710997 0.0442017
1 0.526954 0.223992 0.743849 0.044258
1 0.523649 0.793621 0.734531 0.0448494
1 0.519072 0.729708 0.74507 0.0453358
0 0.130581 0.100684 0.0530237 0.0302099
0 0.726636 0.976887 0.0591237 0.0306587
1 0.508477 0.480618 0.763951 0.0440798
1 0.509961 0.417351 0.769568 0.0432621
2 0.246758 0.542957 0.223335 0.0345148
1 0.519496 0.287947 0.758801 0.0422166
1 0.515052 0.542466 0.755185 0.0438019
2 0.244359 0.917466 0.236718 0.0367545
2 0.244546 0.288548 0.20959 0.0332242
2 0.361047 0.481627 0.459578 0.0428624
2 0.366833 0.416893 0.472851 0.0397143
2 0.235736 0.157901 0.205042 0.0348464
2 0.276414 0.793444 0.288342 0.0407579
7 0.289848 0.974158 0.065253 0.0330723
1 0.514893 0.354237 0.767534 0.0432706
