1 0.531791 0.801349 0.76516 0.0740993
2 0.46553 0.310864 0.702772 0.0593379
0 0.107656 0.100697 0.0623018 0.0327475
0 0.768844 0.965305 0.0697356 0.0371737
2 0.441387 0.698591 0.597456 0.0676123
1 0.499013 0.193386 0.785042 0.0488267
1 0.51613 0.53785 0.777931 0.0448959
1 0.521476 0.612514 0.774486 0.0550373
2 0.283557 0.383883 0.327448 0.0348236
1 0.465922 0.898464 0.626986 0.068111
2 0.8658 0.0948271 0.108396 0.0612155
7 0.335123 0.970933 0.0744681 0.0341457
2 0.467065 0.897794 0.624525 0.0673298
2 0.468964 0.462925 0.690053 0.0777866
