6 0.512011 0.454382 0.784848 0.0517576
6 0.507639 0.389548 0.783594 0.0486767
2 0.866574 0.0950568 0.10657 0.0613654
6 0.516125 0.577392 0.782863 0.0518482
6 0.504763 0.324445 0.78628 0.049839
7 0.329813 0.969871 0.0835751 0.0415247
6 0.501195 0.26141 0.78174 0.045056
3 0.547643 0.968334 0.0708935 0.0324199
6 0.51605 0.515654 0.78822 0.0506148
0 0.765056 0.963338 0.065268 0.0341753
2 0.22475 0.648538 0.197038 0.0374725
6 0.520651 0.64079 0.779054 0.0510712
0 0.107021 0.0998074 0.0656874 0.0339231
