6 0.512361 0.289281 0.803972 0.0471311
0 0.725428 0.975416 0.0697995 0.0338442
6 0.508017 0.415949 0.802045 0.0460131
6 0.505749 0.731163 0.781014 0.0447609
6 0.505432 0.604764 0.794267 0.0485248
6 0.504901 0.668349 0.791157 0.0485616
6 0.509904 0.353274 0.804589 0.0474056
6 0.508627 0.54248 0.795212 0.0466398
3 0.506812 0.974826 0.0609685 0.0282526
6 0.507 0.481723 0.794063 0.0493649
7 0.289389 0.974046 0.0695729 0.0327635
6 0.509963 0.224163 0.812519 0.0492843
6 0.503683 0.793174 0.774382 0.045469
0 0.132476 0.100724 0.0614794 0.0332567
6 0.507087 0.856356 0.773762 0.0452832
6 0.506528 0.917975 0.768178 0.0345228
6 0.517374 0.159466 0.818205 0.0434744
