2 0.825594 0.776305 0.133232 0.0846148
2 0.495468 0.890936 0.14553 0.0851535
2 0.503071 0.305104 0.134523 0.0908248
2 0.332368 0.775521 0.139823 0.0821304
2 0.662166 0.779218 0.129142 0.0793873
2 0.166966 0.775886 0.133082 0.0863288
2 0.33576 0.424625 0.134898 0.085115
2 0.16627 0.658986 0.156267 0.0876434
2 0.497494 0.774419 0.130305 0.0871367
2 0.667256 0.544472 0.148124 0.0857661
2 0.6638 0.66091 0.148085 0.0857036
2 0.331762 0.891228 0.129504 0.0890281
2 0.500106 0.543551 0.130506 0.086247
2 0.675466 0.303657 0.164049 0.0938639
2 0.169272 0.181438 0.159463 0.0975175
2 0.333369 0.661985 0.115833 0.081678
2 0.334555 0.307647 0.131013 0.0841045
2 0.826204 0.896458 0.126855 0.0834823
2 0.839621 0.304017 0.134734 0.0892492
2 0.16801 0.309816 0.135405 0.0823163
2 0.498594 0.661241 0.143741 0.0821375
2 0.835878 0.433294 0.159888 0.0838299
2 0.335657 0.182874 0.12873 0.0918374
2 0.504652 0.184529 0.12968 0.089307
2 0.830631 0.66419 0.155756 0.0824619
2 0.167998 0.543491 0.156445 0.0879615
2 0.335754 0.548141 0.133655 0.0765822
2 0.167785 0.424776 0.129082 0.0863495
2 0.661783 0.895978 0.12212 0.0821052
2 0.846785 0.1852 0.162929 0.0901372
2 0.164114 0.890527 0.152628 0.0910587
2 0.668349 0.429904 0.115848 0.080587
7 0.293269 0.973256 0.0702915 0.0317829
2 0.672959 0.183316 0.151478 0.0909689
0 0.727246 0.97605 0.0621947 0.0311616
2 0.503438 0.430104 0.0981885 0.0814519
8 0.508664 0.0986234 0.816139 0.0543547
3 0.510244 0.974915 0.0568212 0.0281395
2 0.838135 0.545525 0.116775 0.0914721
