1 0.501429 0.268346 0.785214 0.0621721
1 0.510387 0.43652 0.783458 0.0760834
2 0.459466 0.803414 0.620031 0.0557217
1 0.524813 0.624207 0.776726 0.0993057
1 0.513223 0.524478 0.778624 0.0580042
0 0.106558 0.101091 0.0629611 0.0304163
2 0.426976 0.724442 0.566114 0.0552545
0 0.760051 0.967768 0.0710013 0.0350991
2 0.445352 0.878319 0.590865 0.0561584
7 0.327703 0.973433 0.0644169 0.0303511
1 0.495645 0.189435 0.795551 0.0485709
3 0.54517 0.969229 0.0672063 0.0292121
1 0.44668 0.877841 0.593359 0.0563179
