0 0.725349 0.975569 0.0722371 0.035231
6 0.505385 0.616274 0.787991 0.0480114
6 0.503781 0.741205 0.786946 0.0446276
6 0.504008 0.678771 0.788862 0.0448778
7 0.289013 0.97424 0.0662413 0.034681
3 0.506717 0.9751 0.0613471 0.0281955
6 0.507637 0.552743 0.791547 0.0472046
6 0.507817 0.42636 0.800822 0.047994
6 0.502217 0.803161 0.781594 0.0433708
6 0.504612 0.490242 0.793599 0.0469103
0 0.133143 0.100377 0.0611637 0.0324714
2 0.890802 0.108035 0.118944 0.0715295
6 0.506238 0.863722 0.779615 0.049374
6 0.509766 0.926206 0.771608 0.0341951
