2 0.417496 0.832878 0.537052 0.0563598
1 0.507288 0.325189 0.795057 0.104221
2 0.374948 0.420651 0.507186 0.0409053
1 0.524974 0.679474 0.77566 0.0453033
0 0.107437 0.0995064 0.0697635 0.0353709
0 0.763881 0.967101 0.0666257 0.034713
1 0.523331 0.588505 0.786118 0.0997385
2 0.427862 0.491385 0.604167 0.0590149
1 0.50231 0.198797 0.791417 0.0942804
7 0.328611 0.970281 0.0709227 0.0346169
2 0.53046 0.754029 0.764255 0.0576658
2 0.402381 0.90646 0.501516 0.0514801
1 0.852607 0.675714 0.123307 0.0485188
3 0.545597 0.968234 0.114833 0.0432926
1 0.530487 0.753815 0.766802 0.0574171
