9 0.502004 0.817315 0.926353 0.24114
2 0.508953 0.44181 0.139308 0.0706869
0 0.72323 0.976225 0.0703895 0.0401623
2 0.176817 0.360525 0.137276 0.067982
2 0.666316 0.239087 0.136743 0.0917596
2 0.176141 0.440064 0.135418 0.0674405
2 0.510379 0.360442 0.137414 0.0690399
2 0.330231 0.239119 0.154779 0.0912656
2 0.113003 0.668343 0.0932899 0.0495028
2 0.497768 0.239359 0.14068 0.0926127
7 0.289295 0.974365 0.0656877 0.0354685
2 0.690854 0.364029 0.139859 0.0578244
2 0.160793 0.238511 0.133292 0.0917698
2 0.500442 0.60569 0.13153 0.0793117
2 0.663297 0.60534 0.143922 0.086738
2 0.686877 0.441645 0.13339 0.0574342
2 0.835367 0.239263 0.147328 0.0925001
2 0.168165 0.604067 0.134781 0.0791681
2 0.356335 0.36252 0.136857 0.061617
3 0.506298 0.974892 0.0572622 0.0324898
2 0.33463 0.605297 0.132329 0.0818935
2 0.639137 0.669567 0.0642323 0.031719
2 0.904232 0.671909 0.078041 0.0398907
2 0.832137 0.606843 0.153224 0.089143
2 0.772065 0.669608 0.0588394 0.0305115
2 0.356237 0.439181 0.134571 0.0589647
2 0.374206 0.668894 0.0780398 0.0286028
2 0.243646 0.668497 0.0599701 0.035013
2 0.507701 0.66897 0.0645884 0.0296686
2 0.382689 0.154589 0.252845 0.0426347
8 0.408213 0.10046 0.641917 0.0460003
