2 0.274198 0.253706 0.337182 0.0536298
6 0.517701 0.611414 0.786613 0.0543235
0 0.107097 0.101592 0.0594024 0.0320203
4 0.866443 0.0948878 0.0951291 0.0570325
6 0.521804 0.684417 0.784577 0.05455
0 0.761098 0.965248 0.063399 0.0351746
2 0.76703 0.0948159 0.0707875 0.0412577
6 0.511119 0.543119 0.791156 0.0537811
6 0.526176 0.752267 0.785567 0.0545441
1 0.515607 0.544138 0.782366 0.0487801
2 0.297385 0.893937 0.304248 0.0308292
0 0.322443 0.965556 0.0764001 0.0431912
7 0.321675 0.966489 0.0749061 0.042911
