6 0.507841 0.606317 0.785679 0.0459198
6 0.514974 0.35311 0.787376 0.0527902
6 0.508099 0.731525 0.77808 0.0448157
6 0.507606 0.668924 0.78336 0.0468034
0 0.724818 0.976009 0.0674306 0.0325688
6 0.511201 0.416698 0.79388 0.0495028
6 0.509537 0.543762 0.79116 0.0465744
7 0.289358 0.974322 0.0687669 0.03316
3 0.506873 0.974992 0.0591436 0.0279158
6 0.504077 0.793278 0.780865 0.0443778
6 0.509783 0.480794 0.794882 0.046999
0 0.13294 0.100712 0.0618245 0.0327859
6 0.516808 0.208202 0.804659 0.0572647
6 0.507802 0.916457 0.763315 0.038032
6 0.503226 0.856234 0.779814 0.0435271
