1 0.512305 0.667752 0.761463 0.0423282
1 0.514629 0.605755 0.757777 0.0422821
1 0.510177 0.543255 0.770868 0.0452803
1 0.510774 0.731363 0.76246 0.0428431
1 0.509158 0.41732 0.774856 0.0440329
1 0.506002 0.919749 0.773446 0.0457751
1 0.516193 0.288146 0.763832 0.0422357
1 0.51184 0.481011 0.770185 0.0424687
1 0.534521 0.223759 0.727173 0.0425229
2 0.298008 0.730966 0.324007 0.0375982
1 0.509735 0.793112 0.764373 0.0446303
1 0.509912 0.35346 0.777618 0.0424714
2 0.31176 0.792556 0.363697 0.040445
0 0.130542 0.100407 0.0501884 0.0301118
2 0.256822 0.917257 0.26303 0.0373981
2 0.246657 0.288288 0.217416 0.0319292
2 0.270854 0.54309 0.280422 0.0433598
2 0.239004 0.66747 0.201687 0.0302226
1 0.510601 0.855027 0.760895 0.0440064
0 0.723498 0.975801 0.0569947 0.0313396
7 0.291532 0.973549 0.0679908 0.0340645
1 0.549921 0.156189 0.692134 0.042367
2 0.27825 0.855436 0.287066 0.0372581
2 0.276885 0.223491 0.289722 0.0399764
