2 0.510661 0.538446 0.13462 0.0889011
2 0.679669 0.537918 0.159945 0.0912649
2 0.167394 0.538009 0.154063 0.0885022
2 0.161664 0.365527 0.134767 0.0946467
2 0.160882 0.227686 0.164625 0.102378
2 0.340317 0.537567 0.163024 0.0870611
2 0.649245 0.102894 0.0593533 0.0319698
2 0.33256 0.368009 0.133145 0.090612
2 0.852923 0.540078 0.125219 0.0883484
0 0.721592 0.977328 0.0552742 0.0364326
7 0.289228 0.974751 0.05643 0.0339501
3 0.506273 0.974845 0.0533376 0.0297313
8 0.424372 0.105363 0.677444 0.0431032
