2 0.825532 0.776202 0.132713 0.0860327
2 0.502954 0.305256 0.134179 0.0920919
2 0.662351 0.779033 0.128269 0.0808762
2 0.495168 0.89098 0.14482 0.0856548
2 0.33244 0.775375 0.138569 0.0827978
2 0.167095 0.775961 0.13269 0.0871792
2 0.666805 0.544655 0.148747 0.0875582
2 0.16624 0.659205 0.157092 0.0882145
2 0.50032 0.543905 0.130247 0.087709
2 0.497781 0.77454 0.130044 0.0875716
2 0.335756 0.424871 0.135183 0.0862566
2 0.33174 0.891084 0.129586 0.0894478
2 0.839673 0.304214 0.134335 0.0907973
2 0.333448 0.662311 0.116333 0.0830507
2 0.498188 0.661394 0.142611 0.0833163
2 0.334856 0.308019 0.131373 0.0854809
2 0.167844 0.309981 0.136868 0.08402
2 0.675105 0.304071 0.163201 0.0947371
2 0.664188 0.661151 0.147419 0.0873024
2 0.169812 0.181379 0.159574 0.0985031
2 0.335501 0.54868 0.134301 0.0782716
2 0.167673 0.544074 0.157268 0.0892458
2 0.504963 0.184287 0.130869 0.0903135
2 0.335572 0.183081 0.128311 0.0924653
2 0.835888 0.432909 0.159093 0.0853178
2 0.830669 0.664189 0.156685 0.0839323
2 0.167565 0.42528 0.129201 0.0872209
2 0.667569 0.430057 0.117528 0.0824699
2 0.891318 0.104837 0.106784 0.0594443
7 0.29308 0.973297 0.0699639 0.0324231
2 0.847153 0.186909 0.162511 0.087036
2 0.829264 0.896109 0.13774 0.0846414
2 0.164562 0.89035 0.150745 0.0918057
2 0.840655 0.546727 0.113664 0.0917785
2 0.503542 0.430557 0.0994126 0.0818979
0 0.725893 0.97598 0.0622589 0.0319202
2 0.672277 0.184002 0.152221 0.0909024
2 0.661385 0.89603 0.120968 0.0842426
8 0.464294 0.0984439 0.732074 0.0528045
3 0.509401 0.97506 0.0567718 0.028883
