1 0.522289 0.612467 0.766538 0.0559509
1 0.525344 0.691161 0.761904 0.0530355
1 0.529692 0.760162 0.755098 0.0393169
1 0.515194 0.387926 0.776209 0.0558971
0 0.106629 0.100702 0.0524302 0.0316003
1 0.502834 0.17789 0.780676 0.0520337
1 0.519276 0.532797 0.771186 0.055591
1 0.836938 0.309825 0.121353 0.0457989
0 0.766476 0.96694 0.0633785 0.0326897
1 0.517595 0.461017 0.770478 0.0420304
2 0.40423 0.887788 0.498991 0.0404339
1 0.834805 0.243844 0.120671 0.0467132
1 0.531796 0.822764 0.75872 0.0372624
1 0.508259 0.314715 0.780087 0.0476868
0 0.33496 0.972655 0.0610679 0.032059
1 0.505753 0.249842 0.786349 0.0465088
2 0.415467 0.824963 0.517994 0.0357033
