1 0.533182 0.801581 0.765321 0.0743595
2 0.463968 0.310886 0.698991 0.0595274
0 0.107393 0.100568 0.0621328 0.0323614
2 0.44081 0.701461 0.594927 0.0738283
1 0.498859 0.193487 0.785668 0.0497097
0 0.769136 0.965919 0.0691343 0.0362828
2 0.865925 0.0952868 0.108038 0.0625129
1 0.516894 0.538106 0.778504 0.0446951
1 0.522158 0.613468 0.774123 0.0563662
2 0.283376 0.383896 0.327665 0.0345588
1 0.465235 0.898426 0.624912 0.0682213
2 0.468537 0.463001 0.689912 0.0779307
2 0.467251 0.897815 0.623245 0.0673725
7 0.332797 0.970609 0.0791034 0.034812
