6 0.514416 0.241491 0.805234 0.0470735
0 0.726252 0.974935 0.0750863 0.0373232
6 0.511 0.306986 0.810604 0.0490018
7 0.289182 0.974587 0.0724364 0.0356077
6 0.508944 0.370161 0.805373 0.0498458
6 0.510164 0.560008 0.790117 0.0485336
6 0.510753 0.685332 0.779731 0.0457771
3 0.507302 0.974894 0.0602448 0.0285328
6 0.51002 0.747534 0.777642 0.0475633
6 0.512187 0.432901 0.794012 0.044386
6 0.506897 0.875587 0.774944 0.0477783
6 0.509322 0.622473 0.78666 0.0485398
6 0.50257 0.81053 0.783597 0.0435157
6 0.506416 0.494304 0.788211 0.0487365
6 0.51538 0.175425 0.810628 0.0487818
0 0.131873 0.100672 0.0627067 0.0336528
2 0.19089 0.622445 0.138387 0.0364485
2 0.217486 0.242113 0.230829 0.035876
2 0.289265 0.307314 0.356499 0.046553
2 0.184074 0.559272 0.126811 0.0368495
