2 0.364812 0.19561 0.483515 0.0538585
0 0.106213 0.100566 0.0560511 0.0322442
0 0.75915 0.966148 0.0679595 0.0353161
1 0.535834 0.734213 0.752663 0.0537149
1 0.544529 0.809449 0.7465 0.0540161
2 0.371317 0.275493 0.478903 0.0511047
1 0.532649 0.657955 0.763937 0.0523153
1 0.41797 0.886059 0.49724 0.0502167
2 0.419783 0.885973 0.498733 0.0507435
6 0.524485 0.428507 0.760935 0.0546131
1 0.532029 0.581879 0.769073 0.0521734
6 0.522943 0.505261 0.763967 0.0552164
7 0.326456 0.974392 0.0701579 0.0329236
6 0.526682 0.581855 0.762095 0.0541467
2 0.414037 0.810197 0.471253 0.0512301
6 0.523127 0.351538 0.761197 0.0545407
