2 0.419925 0.758479 0.548651 0.0559993
1 0.522441 0.680175 0.76799 0.0555256
0 0.107967 0.100577 0.0608452 0.0306315
1 0.497903 0.226258 0.779538 0.0405885
1 0.542863 0.853346 0.779977 0.0907568
0 0.767918 0.967909 0.0581547 0.0291164
2 0.422986 0.394278 0.609333 0.0783798
1 0.511945 0.495695 0.775117 0.0778845
1 0.502702 0.302043 0.776209 0.0588148
2 0.448046 0.594191 0.628189 0.0726467
0 0.334639 0.973647 0.0698797 0.0342672
2 0.503718 0.301891 0.781853 0.0596456
7 0.335656 0.974943 0.0704648 0.0317913
