0 0.725165 0.975394 0.0715763 0.0346337
7 0.28916 0.974327 0.0703651 0.0332859
6 0.506333 0.742574 0.781617 0.0447393
6 0.509849 0.491856 0.79529 0.0489284
6 0.510494 0.55496 0.787196 0.046566
3 0.506056 0.974786 0.0631013 0.0287247
6 0.512992 0.300886 0.815654 0.0500988
6 0.511029 0.366018 0.80587 0.0475106
6 0.510094 0.617029 0.78262 0.0461756
6 0.507941 0.67994 0.782396 0.0456827
6 0.513399 0.427812 0.791996 0.0467604
6 0.51845 0.169866 0.802937 0.0502854
6 0.5018 0.805283 0.786396 0.0459362
6 0.501163 0.868064 0.78149 0.0445683
2 0.197833 0.555096 0.197466 0.0350136
6 0.513644 0.236231 0.810398 0.0494028
0 0.132229 0.100536 0.0615357 0.0341901
2 0.200001 0.617974 0.194548 0.033936
2 0.242696 0.236268 0.271171 0.0351265
