2 0.496982 0.768726 0.132294 0.0875412
2 0.168445 0.420755 0.156602 0.0873283
2 0.331502 0.772514 0.121202 0.0808416
2 0.668473 0.42156 0.151862 0.0844571
2 0.17059 0.655896 0.158115 0.087908
2 0.330661 0.885745 0.133861 0.0893564
2 0.671842 0.299712 0.155681 0.0882644
2 0.667012 0.768623 0.155428 0.0899112
2 0.674716 0.176909 0.137394 0.0938042
2 0.842024 0.302607 0.132264 0.0884591
2 0.334408 0.536943 0.134318 0.0868513
2 0.668561 0.538313 0.142827 0.0838541
2 0.827636 0.769911 0.130197 0.0881236
2 0.502548 0.298288 0.151945 0.0918903
2 0.170358 0.176716 0.14762 0.0942643
2 0.846066 0.179705 0.164243 0.0917441
2 0.664178 0.656418 0.154915 0.0827157
2 0.498048 0.658046 0.112894 0.0798931
2 0.166103 0.773456 0.134901 0.0831126
2 0.835074 0.659452 0.156133 0.0808359
2 0.16793 0.29799 0.127075 0.0914673
2 0.505777 0.175706 0.152825 0.0956415
2 0.502483 0.422981 0.114318 0.0859787
2 0.165774 0.535989 0.12324 0.0888592
2 0.836566 0.421115 0.144634 0.0871011
2 0.49426 0.888864 0.0993589 0.0830266
2 0.337153 0.424888 0.129416 0.0793123
0 0.72679 0.976242 0.0647112 0.0327579
2 0.831641 0.537779 0.138527 0.0874235
2 0.33589 0.300956 0.129089 0.0862624
2 0.165622 0.885751 0.12779 0.0905953
2 0.828234 0.891564 0.155618 0.0865835
2 0.336233 0.175054 0.145931 0.0921597
7 0.293305 0.97341 0.0760007 0.0338541
2 0.3337 0.659642 0.105807 0.0810758
2 0.501395 0.53864 0.107175 0.0865767
2 0.662352 0.889533 0.116272 0.086602
3 0.510903 0.975087 0.0617155 0.0293066
8 0.510407 0.0976982 0.812951 0.0468952
2 0.892412 0.105689 0.0991191 0.0543705
