2 0.362257 0.606724 0.458108 0.0591513
1 0.53903 0.921299 0.782419 0.0588588
0 0.10639 0.101551 0.0655086 0.0333194
0 0.755206 0.968327 0.0575793 0.0291188
2 0.343213 0.775451 0.395103 0.0325151
2 0.356577 0.71266 0.432607 0.0370372
2 0.864905 0.0948411 0.109605 0.0613188
2 0.254388 0.534736 0.253957 0.0355845
2 0.269281 0.303802 0.317955 0.0375866
1 0.83525 0.190561 0.133398 0.0491416
7 0.32292 0.971591 0.0645035 0.0316062
1 0.49708 0.193733 0.812221 0.0727441
3 0.540707 0.970181 0.0605214 0.026976
