6 0.513163 0.290002 0.803988 0.048648
6 0.512368 0.353648 0.80045 0.0465118
6 0.508953 0.417181 0.798394 0.0476429
0 0.725078 0.97585 0.0684901 0.0330749
6 0.505041 0.732758 0.782917 0.0449926
6 0.506928 0.482424 0.795091 0.0459934
6 0.50612 0.607058 0.7906 0.0459427
6 0.505053 0.669783 0.788074 0.0448422
7 0.289313 0.973994 0.0703783 0.0332973
6 0.509747 0.543434 0.788705 0.0457659
3 0.506826 0.974851 0.0601754 0.027845
6 0.505357 0.79385 0.776517 0.044394
6 0.512973 0.224076 0.806626 0.0480175
6 0.515284 0.160703 0.806542 0.0463952
0 0.133035 0.100811 0.0624838 0.0329953
6 0.50297 0.857573 0.780173 0.0440468
6 0.503176 0.916975 0.771563 0.0338367
