1 0.512869 0.390807 0.769721 0.0422436
1 0.508797 0.581189 0.771034 0.0438217
1 0.510104 0.517886 0.769559 0.0416748
1 0.510858 0.455604 0.771479 0.0446453
1 0.512015 0.830993 0.755647 0.0422535
2 0.261516 0.643334 0.263773 0.0389229
1 0.510885 0.706313 0.763803 0.0435355
1 0.518063 0.326473 0.769891 0.0412876
1 0.508875 0.643353 0.768918 0.0423013
1 0.518596 0.768678 0.745269 0.042754
0 0.131758 0.10036 0.0602947 0.0323171
2 0.264111 0.390956 0.264624 0.0385428
2 0.264901 0.829894 0.261527 0.0358429
1 0.510067 0.895204 0.75692 0.0419178
0 0.725266 0.978223 0.0589881 0.0328547
2 0.298899 0.706052 0.323829 0.0387701
2 0.312882 0.581071 0.370127 0.0415311
2 0.261975 0.327713 0.249866 0.0348807
2 0.328471 0.893421 0.39787 0.0353719
1 0.268321 0.768815 0.264465 0.0375434
0 0.293341 0.974666 0.0655714 0.0318355
