1 0.503375 0.236951 0.78406 0.0585266
1 0.514214 0.466179 0.770591 0.0560818
2 0.384644 0.867908 0.44883 0.0426979
0 0.10696 0.100403 0.0544514 0.0306747
1 0.520149 0.545391 0.767308 0.0553875
1 0.510262 0.384892 0.768143 0.0578516
1 0.503876 0.311171 0.776186 0.0413492
2 0.359602 0.805385 0.400229 0.0421486
0 0.767117 0.966343 0.0596956 0.0312889
1 0.52291 0.615476 0.766022 0.0412528
1 0.506096 0.16116 0.790093 0.0482308
1 0.528587 0.740523 0.764462 0.0429308
1 0.52643 0.675733 0.767525 0.0422657
