6 0.512213 0.288727 0.80665 0.0497921
0 0.724913 0.976043 0.0685811 0.0326568
6 0.508501 0.417041 0.804287 0.045006
6 0.50888 0.543205 0.79454 0.0444187
6 0.514834 0.224155 0.804526 0.0477845
7 0.290274 0.974556 0.0638247 0.0318329
6 0.504582 0.605885 0.792212 0.0498653
6 0.510503 0.353707 0.805142 0.0472694
6 0.508265 0.481958 0.801569 0.0464038
3 0.506928 0.975006 0.0578021 0.0277035
6 0.50547 0.669157 0.784895 0.0462864
6 0.511294 0.730427 0.770373 0.045214
6 0.515967 0.159827 0.803551 0.0464697
0 0.132361 0.100668 0.0620753 0.0331531
6 0.506558 0.793661 0.770284 0.0440055
6 0.514582 0.918254 0.753316 0.0373573
6 0.512658 0.856387 0.764763 0.0443665
2 0.205879 0.225113 0.218484 0.0341754
