2 0.309367 0.412616 0.380788 0.0510825
0 0.757195 0.965639 0.0631727 0.0331109
0 0.107475 0.101584 0.0605737 0.032584
2 0.766567 0.0944819 0.0677815 0.0407713
4 0.865692 0.0948464 0.0958594 0.0574875
6 0.526176 0.767852 0.786816 0.0526305
6 0.522728 0.69725 0.78854 0.0514094
3 0.541219 0.9696 0.0588975 0.0270771
8 0.444655 0.10121 0.647315 0.0474926
2 0.367745 0.486704 0.492638 0.0415461
6 0.53204 0.833006 0.785925 0.0529557
1 0.832906 0.189949 0.13045 0.0462364
7 0.321215 0.971922 0.0651619 0.0329638
