2 0.27165 0.41015 0.301338 0.0560072
2 0.26895 0.328931 0.307692 0.0562037
2 0.406512 0.564789 0.549806 0.0558136
2 0.306715 0.718882 0.322108 0.0521263
2 0.274734 0.642822 0.270058 0.0512485
2 0.348474 0.176965 0.494176 0.0609937
2 0.304261 0.796154 0.309089 0.0534862
0 0.107305 0.10062 0.0617356 0.0308357
2 0.279894 0.873325 0.247748 0.0530664
0 0.763873 0.968433 0.0591866 0.0301514
2 0.212463 0.488721 0.168373 0.0540735
3 0.549825 0.9694 0.0629341 0.0287493
6 0.526222 0.87208 0.755435 0.0532195
7 0.331932 0.973554 0.0647372 0.0315441
