2 0.890966 0.102184 0.110252 0.0629671
7 0.292967 0.972149 0.0595678 0.0334289
2 0.406618 0.157811 0.153785 0.02949
2 0.619255 0.909747 0.147833 0.0574554
2 0.648276 0.158195 0.172027 0.0309855
2 0.84622 0.909206 0.0965356 0.0691013
0 0.727011 0.975289 0.0574353 0.0344368
2 0.153983 0.640214 0.145905 0.0765247
2 0.392956 0.908115 0.143109 0.0624081
2 0.165598 0.908864 0.095996 0.0612261
3 0.509501 0.974704 0.055415 0.0322119
2 0.766425 0.0956098 0.056559 0.0423527
2 0.154184 0.74866 0.157338 0.0818447
2 0.169741 0.157963 0.188634 0.0310942
4 0.896153 0.563922 0.0385631 0.0372604
8 0.463675 0.0968101 0.53927 0.0367164
2 0.90015 0.159518 0.17033 0.031022
