2 0.407912 0.679469 0.538986 0.0553335
2 0.392291 0.756509 0.496003 0.0557773
2 0.492233 0.845033 0.687524 0.084077
1 0.516574 0.525773 0.781367 0.0482777
2 0.363018 0.262263 0.512233 0.0421778
0 0.765282 0.966652 0.0667756 0.0345375
0 0.107869 0.0997994 0.0641773 0.0321501
1 0.497053 0.171429 0.802971 0.0767174
2 0.414385 0.335165 0.596813 0.061146
1 0.520591 0.600309 0.776153 0.0602099
1 0.514724 0.434202 0.792826 0.100547
2 0.864773 0.0928487 0.105742 0.0570467
1 0.843319 0.522076 0.125468 0.0496128
7 0.327212 0.971251 0.0762932 0.0350077
3 0.548182 0.968379 0.106477 0.0433644
