6 0.500602 0.314043 0.777562 0.0497075
6 0.505365 0.441337 0.77878 0.0484928
6 0.5047 0.378157 0.771418 0.0452826
6 0.514385 0.566747 0.770662 0.0494751
6 0.501417 0.246689 0.773659 0.0481662
6 0.5114 0.503529 0.771542 0.0446884
6 0.497393 0.17827 0.790767 0.0588406
0 0.108255 0.103013 0.0616374 0.0316806
6 0.518622 0.629136 0.767351 0.0445422
0 0.76284 0.964508 0.0665034 0.0342745
6 0.531961 0.814894 0.766785 0.0454269
6 0.532102 0.879728 0.765259 0.0416229
7 0.324251 0.963791 0.0805097 0.0453354
6 0.524879 0.7516 0.768845 0.0474395
6 0.518901 0.689193 0.769286 0.0479075
