2 0.335241 0.657763 0.405546 0.0402363
1 0.521367 0.912098 0.734348 0.0484306
2 0.279413 0.406544 0.293082 0.0368698
1 0.520039 0.532631 0.752237 0.0444551
2 0.233395 0.469608 0.192725 0.0303251
1 0.509466 0.782164 0.761811 0.0399695
0 0.129561 0.100009 0.0486413 0.0302324
1 0.520713 0.84436 0.73505 0.0412119
0 0.725936 0.97915 0.0599495 0.0341061
1 0.511559 0.342302 0.76919 0.0438017
1 0.513003 0.595419 0.762292 0.0437861
1 0.506947 0.720228 0.763447 0.0422978
2 0.380783 0.342358 0.500483 0.0416287
2 0.247243 0.84554 0.227201 0.0359574
2 0.258077 0.906935 0.248705 0.0366757
1 0.51535 0.211889 0.768725 0.0455382
2 0.2397 0.53233 0.21831 0.0373177
2 0.361292 0.782728 0.464811 0.0377425
2 0.244285 0.594935 0.211753 0.0344212
1 0.511442 0.658414 0.75683 0.0437055
2 0.364478 0.71966 0.469023 0.0384399
0 0.294936 0.972553 0.0731734 0.0395726
