3 0.508988 0.974961 0.0592058 0.030146
7 0.292144 0.974882 0.0671411 0.0331722
2 0.300712 0.6028 0.428869 0.0343208
0 0.724632 0.976792 0.0547811 0.0360972
2 0.279765 0.86104 0.392209 0.0338844
2 0.36657 0.74803 0.569392 0.0372807
2 0.148732 0.388432 0.180811 0.0332361
0 0.123908 0.0923075 0.06845 0.036635
2 0.502999 0.45882 0.839181 0.0577915
2 0.407446 0.674056 0.651882 0.0575197
2 0.423511 0.806253 0.685014 0.0357856
1 0.505883 0.460261 0.845285 0.0577537
2 0.164983 0.917901 0.170934 0.0310356
