1 0.527541 0.723277 0.746838 0.0532847
1 0.534503 0.798845 0.758571 0.0528393
0 0.106553 0.100168 0.0549533 0.0327983
1 0.525016 0.647055 0.747813 0.051696
2 0.311643 0.939983 0.300235 0.0345524
0 0.759007 0.966818 0.0683721 0.0351074
2 0.364643 0.185845 0.482255 0.0570443
1 0.556462 0.874321 0.77832 0.0520889
1 0.562768 0.571548 0.84011 0.0527231
2 0.86545 0.0942747 0.107122 0.0606547
1 0.568939 0.496276 0.862122 0.0527089
1 0.537081 0.341898 0.805281 0.0532726
6 0.520298 0.417782 0.76881 0.0546208
6 0.524805 0.495756 0.775398 0.0529333
1 0.563229 0.418554 0.854177 0.0538937
1 0.506861 0.264378 0.770266 0.0548228
6 0.515862 0.341099 0.77986 0.05457
6 0.527589 0.571384 0.767505 0.0533075
