0 0.105832 0.100341 0.0509404 0.0327033
0 0.75987 0.965888 0.0662269 0.0350266
6 0.514399 0.409621 0.769289 0.0551115
6 0.525559 0.564604 0.762204 0.0552803
1 0.407971 0.868023 0.480297 0.0497925
1 0.506505 0.256442 0.773969 0.0530871
2 0.304658 0.934164 0.261755 0.0361816
6 0.508719 0.17392 0.79258 0.0612292
1 0.542249 0.715523 0.779335 0.0537705
1 0.524921 0.63968 0.75443 0.0516863
2 0.357375 0.175474 0.49417 0.0607458
1 0.542073 0.790992 0.758592 0.0533174
6 0.537924 0.791046 0.763901 0.0548152
1 0.539136 0.333722 0.814339 0.0551783
1 0.536905 0.564917 0.788247 0.0552517
6 0.517935 0.333896 0.783105 0.0563842
2 0.406454 0.867749 0.476821 0.049579
6 0.532338 0.715391 0.76294 0.0561325
6 0.543978 0.866092 0.757976 0.0533298
1 0.536561 0.410492 0.812657 0.0541957
1 0.544043 0.48688 0.816229 0.0553587
6 0.530312 0.639223 0.75577 0.0522493
7 0.327926 0.97755 0.0726067 0.0298237
