7 0.289065 0.974195 0.0723623 0.0352173
6 0.509443 0.269593 0.803889 0.0488225
0 0.725215 0.974759 0.0750322 0.0367609
6 0.50734 0.710781 0.78399 0.0456847
3 0.506569 0.974854 0.0627204 0.0293354
6 0.506028 0.587971 0.795578 0.0450884
6 0.506457 0.464038 0.801095 0.0523001
6 0.506267 0.651062 0.78716 0.0464661
6 0.505342 0.525116 0.797163 0.0413412
6 0.50935 0.397769 0.80193 0.046201
6 0.50433 0.774798 0.783563 0.0454842
6 0.506238 0.837177 0.777214 0.0443332
6 0.510342 0.333915 0.806611 0.0487235
0 0.132369 0.100343 0.0622189 0.0341435
2 0.890528 0.107341 0.119072 0.0697382
6 0.509862 0.900126 0.766708 0.0401549
