2 0.812006 0.702202 0.144737 0.0910292
2 0.35741 0.701683 0.116991 0.0887956
2 0.50815 0.70192 0.131066 0.0886124
2 0.509572 0.596592 0.133951 0.0846561
2 0.204774 0.701147 0.128658 0.0919105
2 0.359674 0.596628 0.118679 0.0857172
2 0.812946 0.596483 0.130292 0.0920101
7 0.295132 0.974388 0.0763015 0.0379748
2 0.661167 0.594329 0.137507 0.0916401
2 0.206578 0.59542 0.13385 0.0897755
2 0.659093 0.704542 0.128992 0.0869082
0 0.72862 0.975439 0.0699563 0.037614
3 0.512145 0.974594 0.0632483 0.0321457
2 0.832191 0.837441 0.164381 0.0917637
2 0.88978 0.107088 0.101839 0.0619287
2 0.275715 0.835216 0.124617 0.0736022
0 0.115777 0.0795289 0.0676255 0.034574
2 0.648872 0.836058 0.12586 0.0802441
2 0.476091 0.83554 0.140619 0.0777165
