2 0.402404 0.278671 0.582521 0.0614987
1 0.527634 0.699554 0.782103 0.0628415
0 0.765795 0.96645 0.0642318 0.033218
0 0.106955 0.0999071 0.0649415 0.0330885
2 0.362628 0.351024 0.496783 0.0356514
2 0.519409 0.825009 0.740943 0.084007
1 0.512417 0.441249 0.78665 0.097882
2 0.210788 0.921892 0.123534 0.0333566
2 0.423254 0.544275 0.592568 0.0564234
1 0.500229 0.178269 0.791239 0.0884555
2 0.864916 0.093267 0.107245 0.0576331
3 0.549402 0.968354 0.0677314 0.0297852
7 0.334748 0.974249 0.074362 0.0325353
