1 0.51762 0.298235 0.766439 0.0454274
1 0.517454 0.67673 0.752023 0.04592
1 0.529292 0.232459 0.742366 0.0427025
1 0.531895 0.74071 0.720005 0.0440139
1 0.514451 0.928402 0.75544 0.0406395
1 0.510307 0.553365 0.764469 0.0432363
1 0.511926 0.865282 0.755653 0.0417828
2 0.336539 0.427015 0.406803 0.0408
1 0.508937 0.490214 0.765936 0.0429596
1 0.531211 0.614341 0.728651 0.0462778
1 0.53533 0.801565 0.708159 0.0437183
1 0.514029 0.362471 0.768355 0.0430412
2 0.233511 0.233027 0.189493 0.0303295
0 0.129561 0.100328 0.0495848 0.0319657
2 0.239408 0.297816 0.217265 0.036665
0 0.721608 0.978983 0.0583793 0.0293335
2 0.244136 0.362327 0.209638 0.0340142
2 0.363051 0.489819 0.465736 0.0403212
2 0.247064 0.615254 0.222598 0.0365685
2 0.273366 0.865197 0.28666 0.0386775
1 0.510365 0.4276 0.767548 0.0439274
7 0.290921 0.97227 0.0669562 0.0344249
3 0.503673 0.973756 0.0860682 0.0396423
0 0.291577 0.97152 0.0676085 0.035952
2 0.279034 0.167323 0.302795 0.0383204
