6 0.513049 0.288525 0.801717 0.0494397
0 0.725067 0.975739 0.0683954 0.032523
6 0.514787 0.353051 0.795378 0.0463505
6 0.507559 0.60652 0.788422 0.0481134
6 0.510954 0.417714 0.795802 0.0475352
6 0.509824 0.66824 0.778315 0.0467901
6 0.50966 0.481034 0.79518 0.0465298
6 0.514361 0.22361 0.802429 0.0490739
6 0.506363 0.731308 0.778349 0.0446827
6 0.506658 0.54289 0.792197 0.049765
7 0.289753 0.974506 0.0672801 0.032328
3 0.506981 0.974956 0.0584169 0.0276074
6 0.507061 0.793812 0.77287 0.0443523
0 0.132411 0.100781 0.0620274 0.0330477
6 0.51468 0.159814 0.805827 0.0462015
2 0.206225 0.224436 0.217073 0.0347464
6 0.50621 0.856274 0.775444 0.0440674
6 0.507978 0.917775 0.764705 0.0346381
2 0.206146 0.28982 0.223103 0.0369966
