1 0.532994 0.801705 0.765542 0.0735864
0 0.107929 0.100641 0.0623964 0.0326661
1 0.498987 0.192867 0.787977 0.0508276
2 0.46429 0.310355 0.699775 0.0613419
2 0.440963 0.700273 0.596241 0.0708347
1 0.517596 0.537619 0.780922 0.0457052
0 0.770487 0.96605 0.069307 0.0355843
1 0.523019 0.613111 0.775839 0.055867
1 0.466592 0.898709 0.626639 0.0684335
2 0.865717 0.0954397 0.107784 0.0623221
2 0.284069 0.383693 0.328197 0.0349303
2 0.467717 0.897978 0.623452 0.0673966
7 0.335269 0.97122 0.0752782 0.0342549
2 0.484022 0.462134 0.712003 0.0754159
