1 0.502716 0.237059 0.784803 0.0585797
1 0.51471 0.466223 0.76984 0.0563719
2 0.38445 0.868001 0.448066 0.0427437
0 0.107027 0.100485 0.0543297 0.0304685
1 0.520217 0.545447 0.768522 0.0555693
1 0.510538 0.384938 0.767619 0.0579972
1 0.52928 0.739717 0.767897 0.043408
1 0.503747 0.311323 0.775357 0.0411171
0 0.765835 0.966995 0.0565699 0.0317461
1 0.52277 0.615387 0.766236 0.0413075
1 0.855176 0.733819 0.115027 0.0427149
2 0.362913 0.805325 0.404798 0.0410351
1 0.50648 0.161269 0.791739 0.0484198
1 0.526432 0.675028 0.76745 0.0405568
7 0.328648 0.96912 0.0738196 0.0400373
