2 0.509111 0.441895 0.139618 0.0706911
2 0.511155 0.361024 0.13749 0.0690421
2 0.175752 0.36037 0.136849 0.0698484
2 0.169317 0.61088 0.160258 0.088941
2 0.162007 0.23851 0.152079 0.0932738
2 0.497917 0.609827 0.133673 0.0883471
2 0.666106 0.242592 0.159855 0.0871542
2 0.833714 0.238353 0.145309 0.0956457
2 0.692697 0.364312 0.143871 0.0601888
2 0.175065 0.439057 0.13545 0.0709746
2 0.496458 0.239567 0.132399 0.0925016
2 0.35644 0.362101 0.139126 0.0617724
2 0.688877 0.443277 0.135133 0.0608472
2 0.33006 0.245949 0.134678 0.08099
2 0.67034 0.608514 0.150696 0.0915086
2 0.332767 0.612465 0.112145 0.0836002
2 0.832351 0.609067 0.150059 0.0946569
2 0.351428 0.44034 0.133701 0.058415
8 0.405612 0.101369 0.63852 0.0538401
0 0.729748 0.975258 0.0542613 0.0343453
2 0.657912 0.709116 0.110821 0.0598475
9 0.509849 0.812747 0.910051 0.271473
7 0.315405 0.957595 0.0937524 0.0635208
3 0.510261 0.975167 0.0562923 0.030286
2 0.899307 0.711676 0.0751717 0.0518015
2 0.499911 0.708463 0.109676 0.0630483
