1 0.502573 0.237018 0.785196 0.0585002
2 0.384792 0.867644 0.449098 0.0432461
1 0.514648 0.465951 0.771525 0.0559725
0 0.107155 0.100377 0.0545374 0.0307719
1 0.520073 0.545348 0.768295 0.0554709
1 0.511052 0.384711 0.768271 0.0575752
1 0.503759 0.311296 0.776421 0.0411838
2 0.359776 0.805598 0.400838 0.042534
0 0.768252 0.967623 0.0601956 0.0297093
1 0.523335 0.615381 0.766995 0.0414745
1 0.5067 0.161204 0.790699 0.0487258
1 0.528318 0.740373 0.763698 0.0430603
1 0.526781 0.675862 0.767813 0.042147
