2 0.312542 0.261637 0.410272 0.0570801
2 0.330887 0.763214 0.37243 0.063161
2 0.506826 0.541151 0.752652 0.106059
2 0.311124 0.341368 0.387103 0.0540011
2 0.496955 0.430293 0.754763 0.0750729
8 0.485073 0.0965203 0.667867 0.0446609
2 0.277986 0.895766 0.263695 0.0380516
0 0.108344 0.100765 0.0621737 0.0311546
2 0.301953 0.832864 0.313271 0.0359519
1 0.501786 0.174193 0.792658 0.0552413
2 0.828186 0.68226 0.062859 0.0364303
2 0.833095 0.750829 0.0686902 0.0344072
2 0.836486 0.820279 0.0695144 0.0342381
2 0.300624 0.693222 0.334768 0.0390957
2 0.841018 0.883297 0.0700583 0.0336546
2 0.86585 0.0936818 0.106874 0.058565
0 0.769269 0.967191 0.0625713 0.0298843
7 0.337267 0.969474 0.074528 0.0378441
