6 0.499434 0.231502 0.775042 0.0478642
6 0.496288 0.164583 0.793032 0.0555755
6 0.503473 0.363711 0.772517 0.0460105
6 0.500674 0.297416 0.776018 0.0499419
6 0.510486 0.488733 0.770188 0.0463182
6 0.504959 0.426695 0.774827 0.0488794
6 0.51384 0.552375 0.768155 0.0493125
0 0.107981 0.103037 0.0616394 0.0307349
0 0.76318 0.964201 0.0671167 0.0360969
6 0.518727 0.613838 0.765153 0.0453762
6 0.524637 0.737327 0.769407 0.0479815
7 0.323152 0.96379 0.0809183 0.0474438
6 0.530541 0.799356 0.765797 0.0451988
6 0.526973 0.863921 0.780978 0.0466723
6 0.519875 0.675005 0.76815 0.0460701
