6 0.512012 0.289008 0.805034 0.0465076
0 0.725172 0.975187 0.0725362 0.0353558
3 0.506139 0.974679 0.0634802 0.0289634
6 0.508154 0.417568 0.798644 0.0463823
6 0.506581 0.606014 0.789169 0.0494065
7 0.289245 0.974141 0.0713238 0.0337397
6 0.506272 0.481336 0.79538 0.0489619
6 0.515329 0.22313 0.80386 0.0480135
6 0.511535 0.354044 0.8004 0.0463147
6 0.507062 0.73176 0.780473 0.0452844
6 0.505117 0.542976 0.796307 0.0498825
6 0.506346 0.793934 0.778587 0.045248
6 0.5085 0.668662 0.782114 0.0464914
6 0.501173 0.856923 0.781749 0.0464649
6 0.502911 0.917761 0.782331 0.0366289
0 0.132403 0.100551 0.0615506 0.0331271
6 0.514701 0.159639 0.80783 0.0453651
