1 0.510595 0.678378 0.765574 0.0465645
1 0.520024 0.298826 0.761777 0.0453598
2 0.338483 0.427208 0.408378 0.0403646
1 0.53119 0.23208 0.740583 0.0444275
1 0.513316 0.865266 0.752851 0.0419741
1 0.516793 0.928496 0.74943 0.0403015
1 0.530354 0.802334 0.718385 0.0450044
1 0.509274 0.553558 0.766333 0.0432623
1 0.526324 0.741253 0.732259 0.0436371
1 0.514961 0.362667 0.765501 0.0432823
0 0.12977 0.100206 0.0495024 0.0323452
2 0.239389 0.298064 0.216526 0.0363663
2 0.234051 0.233246 0.189331 0.0299932
0 0.725385 0.977546 0.0578251 0.0299825
1 0.510833 0.615075 0.764911 0.0437383
2 0.24746 0.615364 0.223341 0.0352137
2 0.244449 0.362456 0.209148 0.0335415
2 0.359576 0.55438 0.459761 0.0435785
2 0.366905 0.490022 0.472558 0.0391317
2 0.277957 0.167109 0.300334 0.037909
7 0.292072 0.972472 0.0703701 0.0346887
1 0.507695 0.490378 0.76285 0.0412784
2 0.276689 0.864912 0.293122 0.0386303
