2 0.336819 0.222204 0.136948 0.0939758
2 0.664156 0.698108 0.145298 0.0867529
2 0.334549 0.580538 0.135592 0.0858677
2 0.496826 0.813327 0.141697 0.0842376
2 0.49834 0.697245 0.13115 0.0873035
2 0.500516 0.462634 0.131942 0.0885694
2 0.168779 0.345248 0.155347 0.0897992
2 0.334954 0.344697 0.126284 0.0857938
2 0.333367 0.701496 0.131581 0.076191
2 0.826229 0.919166 0.137497 0.0708984
2 0.496236 0.91706 0.134308 0.0689863
2 0.33154 0.813265 0.118198 0.0836792
2 0.671407 0.46199 0.157538 0.0907676
2 0.50146 0.347262 0.118665 0.0828608
2 0.166357 0.221073 0.123063 0.0941699
2 0.168283 0.697657 0.155679 0.0888007
2 0.504189 0.223283 0.130183 0.0905879
2 0.665854 0.585105 0.115604 0.082511
2 0.662056 0.81275 0.147778 0.0892281
2 0.841174 0.222533 0.145624 0.0908283
2 0.833738 0.462707 0.131724 0.0879497
2 0.677438 0.223351 0.15221 0.0892957
2 0.166412 0.580328 0.127688 0.0891781
2 0.167671 0.466639 0.13547 0.084372
2 0.165045 0.811288 0.158745 0.0883728
2 0.335149 0.465218 0.131243 0.0829881
2 0.668714 0.346883 0.150002 0.0849729
2 0.832763 0.589063 0.161597 0.0835245
7 0.291952 0.973462 0.0706885 0.0328393
2 0.333732 0.916635 0.13312 0.0628748
2 0.841784 0.348483 0.162738 0.086229
2 0.829516 0.815682 0.156089 0.0846024
0 0.724565 0.976029 0.06007 0.0303086
2 0.500284 0.585075 0.0966798 0.0824541
2 0.166577 0.917575 0.134006 0.0699176
2 0.837333 0.6997 0.122225 0.0901758
2 0.656514 0.918294 0.0999626 0.058758
3 0.508873 0.976103 0.0575521 0.0282259
8 0.491634 0.098904 0.765032 0.0457491
2 0.33803 0.136613 0.114945 0.0190449
2 0.510809 0.136367 0.0969844 0.0180447
2 0.165974 0.135395 0.165086 0.0230735
