0 0.770425 0.964682 0.0616902 0.0317621
2 0.252186 0.405279 0.287665 0.0561161
2 0.398584 0.481718 0.556406 0.0518837
3 0.553033 0.968128 0.0641744 0.0300155
2 0.355257 0.322551 0.45779 0.055768
2 0.268547 0.718061 0.296256 0.0539457
2 0.401025 0.560074 0.553473 0.0505876
2 0.317985 0.793367 0.384154 0.0530649
7 0.335054 0.970467 0.0704592 0.0354221
0 0.0952546 0.100473 0.058487 0.0275839
2 0.456394 0.638443 0.446652 0.0515724
2 0.465187 0.243271 0.737135 0.0602089
4 0.860868 0.0941601 0.0982508 0.0544398
2 0.436571 0.880061 0.620875 0.0744627
8 0.466207 0.242728 0.739635 0.0600475
