2 0.374999 0.472586 0.500004 0.08081
2 0.428039 0.639289 0.587718 0.0525562
2 0.359636 0.209992 0.513362 0.0596215
2 0.399021 0.888077 0.493201 0.0818382
2 0.454267 0.30405 0.686616 0.0857928
2 0.451226 0.716135 0.616348 0.052943
2 0.455604 0.562645 0.650482 0.0525877
0 0.107359 0.100308 0.0620034 0.0319066
0 0.765963 0.967353 0.0616339 0.0331333
2 0.490372 0.796042 0.687721 0.0570809
7 0.329519 0.971078 0.0772138 0.0353624
2 0.506721 0.387706 0.775924 0.0394957
1 0.507496 0.387476 0.776523 0.0382044
3 0.546811 0.968196 0.118718 0.044973
