1 0.50318 0.237051 0.785887 0.0584301
2 0.384474 0.868059 0.447678 0.0443976
1 0.515153 0.465978 0.772142 0.0572146
1 0.513991 0.385529 0.771232 0.0592078
0 0.1072 0.100327 0.054251 0.0307623
1 0.51982 0.54545 0.769095 0.0555897
0 0.764179 0.967467 0.0621785 0.0314098
1 0.506896 0.311479 0.776927 0.0417649
2 0.360125 0.805494 0.400909 0.0429621
1 0.505225 0.160945 0.790608 0.0492795
1 0.522478 0.615245 0.766069 0.0414963
1 0.52838 0.740551 0.764198 0.0432197
1 0.526094 0.675554 0.76689 0.0422271
