6 0.502533 0.3971 0.626639 0.0640097
0 0.76302 0.962842 0.0633451 0.0364822
3 0.545023 0.968075 0.0613181 0.0306827
7 0.328796 0.970707 0.065671 0.0339155
0 0.107643 0.0999575 0.0617008 0.0319747
2 0.296375 0.765281 0.215229 0.0320275
2 0.538218 0.843047 0.0754165 0.030761
2 0.867111 0.0960201 0.111572 0.0676889
6 0.257568 0.534047 0.242267 0.0379373
2 0.26587 0.70862 0.197936 0.033104
6 0.360243 0.210591 0.516147 0.0579356
6 0.245282 0.592439 0.209607 0.036763
2 0.246469 0.591992 0.208203 0.0362465
