2 0.495399 0.890927 0.145441 0.0857647
2 0.825642 0.776315 0.13269 0.0863223
2 0.503052 0.305256 0.134682 0.0924983
2 0.66244 0.779349 0.127586 0.0810065
2 0.332414 0.775428 0.138594 0.082777
2 0.16718 0.776039 0.132706 0.0872385
2 0.662786 0.892136 0.118477 0.0845127
2 0.50032 0.543729 0.130144 0.0878186
2 0.497583 0.774629 0.130021 0.0875311
2 0.166425 0.659322 0.157393 0.0884012
2 0.666652 0.544644 0.149176 0.0871035
2 0.335714 0.424877 0.13543 0.086512
2 0.333451 0.662032 0.115947 0.0830866
2 0.332005 0.891122 0.129656 0.0893551
2 0.839795 0.304314 0.13451 0.0913141
2 0.498231 0.661316 0.143066 0.083247
2 0.334835 0.308166 0.131103 0.0859417
2 0.675816 0.304066 0.16366 0.095043
2 0.335794 0.18294 0.12887 0.0927852
2 0.664206 0.6612 0.147689 0.0872033
2 0.16905 0.181451 0.158571 0.0988034
2 0.167689 0.310226 0.136753 0.0839761
2 0.167686 0.544132 0.157984 0.0893076
2 0.334905 0.548661 0.132778 0.0770325
2 0.505003 0.184672 0.128605 0.089976
2 0.167533 0.42535 0.129211 0.087361
2 0.83087 0.664047 0.157058 0.0843505
2 0.835896 0.433067 0.160186 0.0856564
2 0.667648 0.429742 0.117706 0.0828879
7 0.293027 0.973274 0.0701364 0.0324463
2 0.828817 0.895951 0.138633 0.0834758
2 0.846554 0.186641 0.163344 0.0872795
2 0.164662 0.890186 0.150758 0.0920755
2 0.502757 0.430293 0.0985472 0.0825984
2 0.840543 0.546713 0.114779 0.0918002
0 0.725625 0.976227 0.0633949 0.0319266
2 0.891454 0.105487 0.106197 0.0592942
8 0.467418 0.09847 0.736077 0.0533812
2 0.670632 0.183942 0.14884 0.0909994
3 0.50928 0.975003 0.0567236 0.0286935
