2 0.343495 0.22925 0.43411 0.0523347
2 0.370046 0.85106 0.488798 0.0487129
2 0.365441 0.301631 0.478993 0.0578943
2 0.474601 0.679009 0.699032 0.0576763
2 0.344857 0.611296 0.435752 0.0522197
2 0.891264 0.103479 0.112849 0.0602157
2 0.442851 0.406334 0.632833 0.0551928
0 0.723797 0.975084 0.0647859 0.0397175
7 0.289602 0.974049 0.0607863 0.0345549
3 0.507018 0.974703 0.0542552 0.0304392
2 0.466823 0.542593 0.692092 0.0550102
2 0.305611 0.918009 0.367948 0.0497913
2 0.173672 0.921869 0.0914386 0.0534431
2 0.475017 0.476654 0.702679 0.0532774
2 0.252033 0.782963 0.248276 0.0503491
2 0.288006 0.157844 0.333383 0.0546263
2 0.175372 0.156776 0.0952024 0.0520788
