1 0.514283 0.287054 0.769472 0.0430418
1 0.517128 0.855527 0.743326 0.0422962
1 0.514387 0.920031 0.75239 0.0461145
1 0.507965 0.730305 0.761579 0.0427384
1 0.513704 0.479634 0.768017 0.0462061
1 0.543235 0.22271 0.712526 0.0435125
1 0.512318 0.416018 0.772859 0.0449805
2 0.278243 0.792176 0.292322 0.0360579
2 0.231306 0.854315 0.19743 0.0321731
2 0.235907 0.916643 0.21986 0.0362898
1 0.509133 0.791707 0.76098 0.0418209
0 0.130235 0.100558 0.0521329 0.0296419
0 0.724477 0.978367 0.0586045 0.0303627
2 0.240177 0.66703 0.203729 0.0343639
2 0.263524 0.605519 0.262392 0.040423
2 0.263969 0.287433 0.256573 0.0354022
2 0.267623 0.223143 0.262964 0.0353685
1 0.513041 0.352967 0.771983 0.0447134
2 0.325841 0.416896 0.389818 0.0411647
0 0.293132 0.972882 0.0679196 0.035912
1 0.516556 0.542125 0.768913 0.0472794
2 0.282117 0.480029 0.281785 0.0397678
1 0.230279 0.854014 0.19718 0.0348463
