2 0.352394 0.667039 0.422465 0.045793
2 0.462615 0.839261 0.617942 0.0474705
2 0.864039 0.0948253 0.11055 0.0613193
2 0.477606 0.908004 0.650209 0.0492019
2 0.379103 0.736619 0.459653 0.0474234
2 0.247784 0.463713 0.239543 0.0518761
2 0.313619 0.532809 0.359447 0.048392
2 0.296443 0.600623 0.317082 0.0483964
2 0.709865 0.593852 0.266271 0.0334479
0 0.759031 0.96687 0.0675424 0.0356182
2 0.424798 0.344788 0.587359 0.0831851
2 0.203477 0.909556 0.0925873 0.0502102
3 0.541123 0.969495 0.0584027 0.0279256
2 0.776198 0.457746 0.141949 0.0345467
