2 0.28952 0.288716 0.322403 0.0501986
2 0.312297 0.218653 0.366878 0.0498379
2 0.341946 0.35777 0.427329 0.0468181
2 0.33883 0.735776 0.422013 0.0466653
2 0.364605 0.429687 0.47058 0.0496656
2 0.438561 0.534288 0.623775 0.0481808
2 0.480739 0.80592 0.725409 0.056343
2 0.245191 0.909049 0.244239 0.0521563
2 0.468235 0.66907 0.690408 0.0474142
2 0.459286 0.60256 0.663229 0.0471136
0 0.72844 0.977163 0.0683529 0.0358257
0 0.290677 0.973911 0.0706874 0.0343614
3 0.501898 0.975921 0.0916073 0.0450794
