1 0.511573 0.678035 0.763206 0.0460878
1 0.530412 0.231475 0.73921 0.0429227
2 0.338097 0.426322 0.408031 0.0403821
1 0.515688 0.297553 0.766185 0.0442511
1 0.522667 0.927635 0.737329 0.0408931
1 0.520936 0.864389 0.738107 0.041387
1 0.509227 0.552525 0.765961 0.0427146
1 0.542231 0.801011 0.693591 0.043953
1 0.535388 0.740678 0.712824 0.0437324
1 0.513419 0.361646 0.768667 0.0438438
2 0.233275 0.232292 0.190851 0.0300283
0 0.129424 0.100242 0.0493252 0.031585
1 0.511073 0.613894 0.76392 0.0435291
2 0.239471 0.297355 0.217047 0.0368471
0 0.726683 0.977758 0.0564924 0.0297762
2 0.247647 0.614572 0.224948 0.0356602
2 0.243865 0.361512 0.210377 0.0338171
2 0.363221 0.489366 0.466037 0.0394544
2 0.359689 0.553256 0.459213 0.0428274
7 0.293686 0.972345 0.0701096 0.0357342
1 0.364965 0.489402 0.484715 0.0406378
2 0.278855 0.166648 0.302133 0.0376954
3 0.510635 0.974805 0.0638782 0.031106
