9 0.503739 0.818757 0.917406 0.241662
2 0.499542 0.533088 0.133135 0.0877756
2 0.176227 0.362015 0.138989 0.0743835
2 0.666935 0.239354 0.136821 0.0938895
2 0.511056 0.36293 0.140163 0.074159
2 0.168798 0.532377 0.1583 0.0889419
2 0.161175 0.237736 0.149279 0.0920728
2 0.833619 0.239056 0.145007 0.0941795
2 0.671729 0.530159 0.150639 0.0941489
3 0.510878 0.97516 0.0631934 0.0336676
2 0.332557 0.240604 0.151277 0.0912988
7 0.295723 0.972157 0.0608941 0.0380455
2 0.333226 0.534816 0.114263 0.0842243
2 0.497244 0.239132 0.140415 0.0950104
2 0.640673 0.671623 0.0726735 0.0346691
0 0.72756 0.974949 0.0730014 0.0386288
2 0.833459 0.532963 0.149321 0.0919725
2 0.114271 0.67087 0.0864525 0.047892
2 0.904495 0.673203 0.0855001 0.0414688
2 0.771785 0.671325 0.0673092 0.0340523
2 0.355687 0.361181 0.14177 0.0667792
2 0.508116 0.671013 0.0608044 0.0295101
2 0.692621 0.364335 0.145722 0.0652782
8 0.432554 0.101839 0.691682 0.0520279
2 0.336687 0.627075 0.135411 0.046047
