1 0.503098 0.237034 0.784547 0.0584571
1 0.513394 0.466234 0.769475 0.0561615
0 0.107276 0.100365 0.0546025 0.030668
1 0.519986 0.545776 0.766648 0.0556844
1 0.510314 0.384876 0.768598 0.0579017
1 0.506219 0.311468 0.775235 0.0418575
2 0.360895 0.805392 0.400627 0.0407565
0 0.767265 0.96682 0.058457 0.0305809
1 0.522758 0.615674 0.765792 0.0411125
2 0.383125 0.867774 0.446081 0.0417023
1 0.505179 0.161122 0.790584 0.048556
1 0.528186 0.740136 0.762806 0.042554
1 0.526223 0.675344 0.766889 0.0424719
