2 0.231489 0.328379 0.259554 0.069574
2 0.89145 0.102421 0.104584 0.0660425
2 0.193854 0.241032 0.221381 0.0594528
2 0.203241 0.50634 0.209662 0.0699646
2 0.205824 0.591637 0.219876 0.0625849
2 0.628303 0.331584 0.175544 0.0314329
7 0.293282 0.972047 0.0602622 0.0336517
2 0.635765 0.593889 0.196954 0.0338163
0 0.726752 0.974584 0.0569304 0.0342575
2 0.867689 0.68058 0.0809394 0.0369958
2 0.620593 0.909572 0.15288 0.0552796
2 0.640588 0.241281 0.200279 0.0330912
2 0.624054 0.50722 0.171137 0.0324076
2 0.436306 0.594328 0.0716767 0.0411291
2 0.874047 0.507913 0.0711159 0.0410814
2 0.186005 0.418922 0.180708 0.0627548
2 0.872674 0.418402 0.0810103 0.0458297
2 0.846092 0.908876 0.100711 0.0637371
2 0.879411 0.331523 0.0685238 0.0384111
2 0.166118 0.910031 0.0989461 0.0575539
2 0.391834 0.909759 0.0829065 0.0573773
2 0.883524 0.240822 0.0749568 0.0336576
2 0.270951 0.679403 0.347588 0.0531692
2 0.616541 0.680256 0.171335 0.0314545
2 0.439693 0.240174 0.088327 0.0458414
4 0.890487 0.762387 0.0341592 0.0372298
3 0.509915 0.974584 0.0565856 0.0300519
2 0.871573 0.594506 0.0591306 0.0378965
2 0.437574 0.33098 0.0675557 0.0408555
2 0.588259 0.419239 0.0880695 0.033188
8 0.431013 0.0901897 0.673041 0.0699317
2 0.433535 0.417948 0.0517416 0.0381645
2 0.436187 0.50587 0.0632726 0.039176
2 0.725192 0.0925295 0.0497973 0.0408121
