2 0.29826 0.493535 0.34454 0.0551619
2 0.429348 0.767499 0.61414 0.0558519
2 0.405911 0.880823 0.57399 0.0566132
2 0.260998 0.686872 0.271174 0.0558514
2 0.352669 0.574506 0.451768 0.0557365
2 0.797881 0.383261 0.154197 0.0660023
4 0.88775 0.10667 0.105158 0.0607914
0 0.130337 0.0990132 0.0719002 0.0358793
0 0.726003 0.976796 0.0706223 0.0366146
8 0.465157 0.102745 0.554443 0.0455912
7 0.293038 0.977338 0.0659252 0.0309956
2 0.229153 0.382475 0.0986898 0.0682315
2 0.280161 0.944812 0.325711 0.0261772
6 0.229171 0.38131 0.100901 0.0688487
