1 0.503564 0.237043 0.782991 0.0585709
1 0.514248 0.466222 0.770168 0.0559133
2 0.384483 0.867723 0.448031 0.0419712
0 0.107235 0.100303 0.0547949 0.030902
1 0.519989 0.545488 0.767217 0.0553637
1 0.510318 0.384849 0.768586 0.057916
1 0.503411 0.311248 0.776293 0.0411925
0 0.766595 0.967199 0.0577749 0.031662
1 0.522265 0.615438 0.765103 0.0408014
1 0.52772 0.740171 0.763851 0.0425472
2 0.362496 0.805341 0.403063 0.0412472
1 0.505717 0.161411 0.788998 0.0482011
1 0.526218 0.675813 0.76649 0.041329
