2 0.298867 0.493664 0.345621 0.0561306
2 0.428008 0.767217 0.612493 0.0566106
2 0.259989 0.687018 0.271576 0.0563219
2 0.406414 0.880783 0.575483 0.0572787
2 0.798571 0.382235 0.156735 0.0661846
4 0.889101 0.106648 0.102183 0.0606306
2 0.353252 0.574584 0.453826 0.0571398
0 0.130915 0.0994314 0.07204 0.0362268
0 0.72874 0.978868 0.0742666 0.0392713
8 0.461948 0.102634 0.554311 0.0457793
2 0.229458 0.381893 0.09407 0.0680852
7 0.292136 0.977125 0.0642709 0.0310981
2 0.280925 0.945062 0.327853 0.0256519
