2 0.383835 0.489248 0.59732 0.0595125
1 0.497945 0.842124 0.829875 0.0608227
1 0.500542 0.632442 0.826722 0.0545081
2 0.392262 0.708542 0.55369 0.0349072
2 0.426658 0.40435 0.610786 0.058977
1 0.504526 0.259545 0.841231 0.0641591
0 0.723857 0.97659 0.0686453 0.0345935
0 0.131012 0.101091 0.0560767 0.0311733
1 0.871112 0.257449 0.114662 0.0424115
2 0.890943 0.105624 0.109058 0.0606171
2 0.226811 0.163594 0.297635 0.0557753
8 0.485157 0.103836 0.688819 0.0440951
7 0.291382 0.973145 0.0636114 0.0320519
