6 0.527691 0.766435 0.78381 0.0530731
0 0.756651 0.966411 0.0667154 0.0335945
2 0.285109 0.412603 0.332356 0.0507068
2 0.766986 0.0944426 0.0676685 0.0401701
0 0.107471 0.101405 0.0597399 0.0319641
4 0.865821 0.0949655 0.096486 0.0579169
6 0.536254 0.906131 0.7722 0.0466204
1 0.523498 0.696893 0.779985 0.0506851
6 0.524173 0.695408 0.782997 0.0519834
3 0.539458 0.967609 0.064663 0.0298107
8 0.440295 0.101113 0.619392 0.0468539
1 0.520503 0.627972 0.776447 0.0469918
6 0.539668 0.834003 0.766928 0.0493973
0 0.321976 0.970934 0.0672798 0.0356048
