2 0.408395 0.89585 0.474457 0.0532238
2 0.8654 0.0956697 0.109894 0.0631805
0 0.105791 0.10054 0.0537923 0.0339208
0 0.759748 0.965367 0.0663272 0.0355736
1 0.531526 0.590886 0.751455 0.0527107
1 0.512464 0.439154 0.760118 0.0513966
1 0.536847 0.818949 0.740266 0.0527268
1 0.534024 0.667735 0.749276 0.0525425
1 0.539196 0.743629 0.741067 0.0527256
6 0.507101 0.202023 0.769745 0.0601605
1 0.518887 0.363177 0.758041 0.0558043
6 0.517019 0.362923 0.760252 0.0564732
6 0.510572 0.283604 0.784208 0.0573728
1 0.521581 0.514523 0.756289 0.0542527
6 0.540011 0.742635 0.751846 0.0546065
