1 0.502661 0.236967 0.784914 0.0584622
1 0.517307 0.466743 0.777286 0.0575687
2 0.384556 0.867845 0.448702 0.0438906
0 0.107035 0.10026 0.054441 0.0308841
1 0.521575 0.544962 0.768709 0.0557426
1 0.511764 0.385518 0.770935 0.0585846
1 0.506827 0.311192 0.778061 0.0421599
0 0.764827 0.966297 0.0582211 0.0321953
2 0.360537 0.805406 0.402501 0.0428898
1 0.523378 0.615072 0.76728 0.0420076
1 0.505978 0.161379 0.788446 0.0493115
1 0.528555 0.74017 0.764629 0.043657
1 0.526935 0.675494 0.768887 0.0428319
7 0.332933 0.969636 0.0704161 0.0387413
