6 0.513196 0.365501 0.796268 0.0477785
0 0.725412 0.975469 0.0716961 0.034718
6 0.50946 0.492035 0.795525 0.0495788
7 0.289213 0.97431 0.0706716 0.0332432
3 0.505935 0.974786 0.0633775 0.0287088
6 0.51364 0.427277 0.788444 0.0466528
6 0.506957 0.74232 0.783067 0.0455631
6 0.507606 0.680656 0.789644 0.0466576
6 0.508429 0.556308 0.796676 0.0482834
6 0.518134 0.169452 0.803229 0.0473385
6 0.502132 0.805298 0.786801 0.0457416
6 0.506699 0.617934 0.793988 0.0505102
6 0.512906 0.300896 0.801565 0.0472928
6 0.511903 0.234853 0.807505 0.0479616
6 0.501393 0.868056 0.782865 0.0445317
0 0.131993 0.10074 0.061576 0.0338152
2 0.244066 0.236095 0.274232 0.0358302
