1 0.490051 0.720454 0.827977 0.10632
2 0.350892 0.610004 0.552833 0.0617477
2 0.403018 0.342156 0.658216 0.0609909
2 0.421701 0.250349 0.69493 0.0630234
2 0.226341 0.431153 0.30662 0.0587791
3 0.484874 0.974865 0.0638744 0.0353615
2 0.421107 0.52151 0.691502 0.0578815
7 0.272222 0.973751 0.0491524 0.0308783
0 0.0949495 0.0714878 0.0611946 0.03538
2 0.398571 0.833327 0.651393 0.0630447
0 0.702256 0.976014 0.0537821 0.0354492
2 0.347269 0.159655 0.543957 0.0632199
2 0.501547 0.0210307 0.201837 0.0417813
1 0.832742 0.720222 0.160496 0.0565182
