2 0.560068 0.378938 0.180866 0.0906637
2 0.376487 0.3784 0.137758 0.0936114
2 0.744386 0.381184 0.143116 0.0933635
8 0.506658 0.244935 0.837539 0.0838998
2 0.686211 0.0754755 0.0646748 0.0387832
2 0.19506 0.380893 0.147066 0.089812
7 0.270807 0.973046 0.0671006 0.0356939
2 0.0914877 0.0714386 0.0771727 0.0379472
4 0.874902 0.476446 0.0299968 0.0378006
3 0.485179 0.974713 0.0708185 0.0354965
2 0.803708 0.0740968 0.0593001 0.0339786
2 0.89857 0.383552 0.097492 0.0859412
0 0.701667 0.974373 0.0529097 0.0374774
4 0.92192 0.0735475 0.032944 0.0362201
2 0.507526 0.0225758 0.206726 0.0439218
