2 0.296421 0.54899 0.309233 0.0390366
2 0.378502 0.43237 0.469746 0.0375448
3 0.484543 0.975413 0.0659484 0.0359121
2 0.280461 0.6631 0.276516 0.0407056
2 0.406938 0.491209 0.538156 0.0423273
2 0.535295 0.297015 0.588939 0.0493277
2 0.287934 0.720343 0.293193 0.0367998
2 0.33446 0.892976 0.398796 0.0372866
7 0.271063 0.97459 0.0623948 0.0327282
2 0.469094 0.778039 0.670084 0.0461769
0 0.702501 0.974938 0.052548 0.0388311
2 0.430991 0.376074 0.582723 0.0404013
0 0.0946683 0.0717094 0.0681825 0.0366534
1 0.279674 0.606075 0.280801 0.0374272
2 0.314753 0.834845 0.354501 0.0365438
2 0.280227 0.605783 0.281963 0.0375726
2 0.501016 0.0218441 0.200022 0.0433082
