2 0.489381 0.888983 0.795219 0.0670471
1 0.483846 0.473609 0.812615 0.0372097
1 0.487718 0.536821 0.805972 0.0402158
2 0.885289 0.0787117 0.0798114 0.0433852
1 0.48589 0.409325 0.816043 0.040301
1 0.494015 0.344498 0.822486 0.0385444
3 0.486933 0.974839 0.0731203 0.0381562
1 0.491534 0.600137 0.813523 0.0351248
7 0.273326 0.974613 0.0650956 0.035651
0 0.704098 0.975708 0.061849 0.0439123
0 0.128202 0.0781538 0.0691987 0.0421662
2 0.208204 0.536242 0.250767 0.0374153
2 0.500073 0.0209049 0.202008 0.0415935
