2 0.492083 0.567077 0.80892 0.0433674
2 0.496181 0.282835 0.810529 0.0784558
1 0.497159 0.440766 0.816598 0.0483029
1 0.489302 0.705561 0.815124 0.0419156
2 0.496119 0.504435 0.81673 0.0430799
1 0.492414 0.907122 0.816791 0.0466782
0 0.701289 0.975003 0.0594104 0.0322311
1 0.491146 0.770847 0.811826 0.0449754
7 0.270478 0.972438 0.0547506 0.0352924
3 0.484171 0.974409 0.0677591 0.0368908
0 0.127798 0.0702221 0.0612563 0.0324461
2 0.508593 0.0225189 0.201227 0.0442601
2 0.23314 0.385814 0.281726 0.0285326
