7 0.275077 0.974877 0.0634707 0.032724
2 0.140174 0.690298 0.0903759 0.0489435
2 0.755511 0.857228 0.127528 0.0656248
2 0.489938 0.854692 0.177817 0.0941258
2 0.846698 0.692319 0.0902107 0.0487036
2 0.305899 0.759884 0.194681 0.0274246
2 0.759123 0.761649 0.12551 0.0268553
0 0.707031 0.976377 0.0679265 0.0385227
2 0.30457 0.0808326 0.100639 0.0373042
2 0.103029 0.0793178 0.0551091 0.0376608
2 0.706033 0.081736 0.0671746 0.0360979
2 0.60463 0.691826 0.088907 0.0477491
2 0.616903 0.76019 0.081996 0.0240265
3 0.489466 0.975715 0.0681407 0.0356497
2 0.379788 0.690341 0.090557 0.0464373
2 0.225882 0.85541 0.144704 0.0752219
2 0.50433 0.0814323 0.0716172 0.037701
4 0.907784 0.081276 0.0676013 0.0432557
2 0.493511 0.691472 0.0903537 0.048967
2 0.135176 0.759126 0.082408 0.0284384
2 0.902897 0.761743 0.0925295 0.0241201
2 0.491268 0.759361 0.110219 0.0282844
