1 0.498885 0.224561 0.831928 0.0827529
1 0.489565 0.385901 0.815862 0.0440207
1 0.489015 0.617131 0.811613 0.0406305
1 0.492311 0.316142 0.820347 0.0437826
7 0.273578 0.973262 0.0546883 0.0316738
3 0.487002 0.974289 0.0655421 0.0346122
2 0.205968 0.751369 0.245199 0.036752
2 0.292936 0.885727 0.421272 0.0346424
1 0.491108 0.457814 0.817136 0.0550603
0 0.704057 0.975016 0.0496626 0.0332234
2 0.213469 0.818485 0.260624 0.0349807
2 0.313242 0.682998 0.448673 0.0325043
1 0.830437 0.384951 0.146731 0.0503201
0 0.122002 0.0713951 0.062775 0.0293616
