2 0.235102 0.372932 0.142003 0.104281
7 0.274814 0.974391 0.064596 0.0338146
2 0.236247 0.234043 0.14227 0.108122
2 0.497985 0.370743 0.186175 0.107293
2 0.755984 0.508873 0.173406 0.10736
2 0.760375 0.375865 0.168994 0.105143
2 0.49291 0.640901 0.136567 0.103757
2 0.753892 0.640776 0.135818 0.106767
2 0.765676 0.236095 0.155991 0.110346
2 0.4994 0.236159 0.176395 0.106812
0 0.707218 0.975266 0.0674331 0.0389389
3 0.489568 0.975303 0.0702697 0.0368423
2 0.493127 0.507488 0.188524 0.102309
2 0.237052 0.506105 0.181946 0.103291
2 0.828281 0.0807668 0.0721459 0.0452127
2 0.344625 0.758989 0.131344 0.0227458
2 0.179404 0.758542 0.124396 0.0225288
2 0.696991 0.0813614 0.0787965 0.0436427
2 0.492936 0.760122 0.0961965 0.0317545
2 0.182036 0.675528 0.0884008 0.0236563
2 0.237875 0.636564 0.159487 0.0958402
