2 0.599744 0.913113 0.138513 0.0540833
2 0.242633 0.321782 0.144733 0.0749453
2 0.234035 0.712839 0.144958 0.073973
2 0.244281 0.219748 0.149023 0.078614
2 0.830252 0.912664 0.0998941 0.0616445
0 0.698828 0.977086 0.052938 0.0335145
3 0.482671 0.975637 0.0651637 0.0339012
2 0.139698 0.910357 0.0972958 0.0638077
2 0.370203 0.90976 0.133716 0.0606472
7 0.270491 0.972947 0.0546906 0.0322918
2 0.231598 0.812519 0.148237 0.0787089
2 0.593814 0.325898 0.541884 0.0724604
2 0.51088 0.0221598 0.197858 0.043291
2 0.235937 0.616461 0.145298 0.0759699
2 0.450291 0.718407 0.417167 0.0744294
