2 0.274185 0.300369 0.37822 0.0551556
2 0.278691 0.511793 0.43253 0.0540012
2 0.347487 0.21382 0.55476 0.062777
2 0.316577 0.376523 0.457085 0.0414943
3 0.484952 0.975001 0.0666859 0.03529
2 0.293513 0.824721 0.466648 0.0330233
2 0.263004 0.644151 0.399633 0.0320112
2 0.17319 0.884648 0.233512 0.02982
7 0.270823 0.974424 0.0619729 0.0315918
2 0.275133 0.764402 0.430482 0.0342824
2 0.919648 0.0738235 0.0811921 0.0413068
0 0.100026 0.0713631 0.0570023 0.0352525
2 0.22523 0.703938 0.331721 0.0336494
0 0.702658 0.976149 0.0534795 0.0342741
2 0.360188 0.583734 0.594383 0.0337616
2 0.507516 0.0210485 0.20093 0.0413341
2 0.111328 0.942132 0.114325 0.0208209
2 0.120666 0.212217 0.106063 0.0562616
2 0.199231 0.138329 0.270323 0.0349061
