1 0.489579 0.463544 0.8158 0.0445294
3 0.484151 0.975336 0.0654626 0.035377
1 0.493836 0.228852 0.824756 0.0461994
1 0.496955 0.157224 0.829803 0.0507028
7 0.27152 0.973832 0.0555259 0.0343662
2 0.346236 0.691827 0.515023 0.03663
2 0.27824 0.758928 0.382008 0.0346155
1 0.496282 0.303433 0.823077 0.058975
0 0.701759 0.9757 0.0500516 0.0371647
2 0.407848 0.880137 0.654618 0.0510494
0 0.120809 0.0718552 0.060676 0.0348666
2 0.303988 0.531969 0.435716 0.0339843
2 0.499699 0.0218305 0.199977 0.0434448
