2 0.362935 0.226873 0.478624 0.0585038
2 0.374966 0.293263 0.468018 0.0370011
2 0.333427 0.700425 0.388261 0.0363505
2 0.437016 0.471706 0.597345 0.0393399
2 0.392016 0.528951 0.501014 0.0373528
7 0.271679 0.97502 0.0583952 0.0326988
2 0.281559 0.412739 0.280145 0.0393782
3 0.484476 0.975576 0.0655125 0.0362831
2 0.420417 0.587072 0.561651 0.0401182
0 0.700225 0.97636 0.0602464 0.0362833
2 0.433367 0.643024 0.594494 0.0439839
2 0.473669 0.350807 0.670812 0.0432767
2 0.894226 0.0783571 0.0764359 0.0420605
2 0.501001 0.0223319 0.201335 0.0443249
2 0.813791 0.910537 0.194198 0.0331279
2 0.478246 0.911236 0.909558 0.0668125
