2 0.535295 0.21756 0.589997 0.0516197
3 0.487701 0.975172 0.0686235 0.0362915
2 0.297034 0.470984 0.309239 0.0385134
2 0.281669 0.586629 0.281511 0.0419804
2 0.377957 0.354595 0.469136 0.0389766
2 0.435031 0.297125 0.589867 0.0433603
2 0.407966 0.414419 0.539783 0.040793
2 0.33346 0.815489 0.39695 0.03755
2 0.289663 0.643364 0.295257 0.0386953
7 0.273337 0.974457 0.0571306 0.0322262
2 0.0949041 0.0721398 0.0523693 0.0354251
0 0.70405 0.975724 0.0540286 0.0341633
2 0.314969 0.757768 0.357679 0.0375278
2 0.689029 0.922197 0.272937 0.0305231
2 0.280707 0.528795 0.284316 0.0388169
1 0.280422 0.529176 0.28326 0.0378378
2 0.499606 0.0211832 0.201119 0.0421594
2 0.476764 0.700841 0.682889 0.0441439
