7 0.275657 0.974174 0.062571 0.0327012
2 0.226754 0.858924 0.128453 0.070456
2 0.489817 0.860742 0.165691 0.0902004
0 0.70513 0.975523 0.0620071 0.0386365
2 0.848419 0.761456 0.0970137 0.0286998
2 0.826679 0.271664 0.178815 0.0896716
2 0.171913 0.277375 0.188877 0.105334
3 0.489516 0.974821 0.0654424 0.033923
2 0.390859 0.380039 0.0832106 0.0418038
2 0.405783 0.0853504 0.200617 0.0511612
2 0.848708 0.692607 0.0930686 0.0459881
2 0.606642 0.282211 0.145061 0.110271
2 0.138239 0.688355 0.0834348 0.0483002
2 0.173469 0.379805 0.0806107 0.0435041
2 0.602056 0.164893 0.0672923 0.0342183
2 0.821063 0.164147 0.141176 0.0574628
2 0.406572 0.16347 0.0642504 0.029547
2 0.808012 0.0860633 0.101282 0.0450414
2 0.393809 0.271923 0.110827 0.0868576
2 0.192461 0.0863959 0.140265 0.0373912
2 0.206317 0.163521 0.191636 0.0464735
2 0.663629 0.762119 0.189584 0.0227567
2 0.421973 0.688936 0.0839125 0.0425387
2 0.603893 0.0873093 0.0897366 0.0303347
2 0.279482 0.687825 0.0864525 0.0453535
2 0.563647 0.690258 0.0794399 0.0441944
