6 0.26694 0.400876 0.214425 0.0368232
6 0.348027 0.674432 0.37714 0.0348881
0 0.093689 0.0764067 0.0598225 0.0339185
6 0.328819 0.729735 0.338078 0.0378299
6 0.296914 0.565852 0.274305 0.0369168
6 0.344787 0.288998 0.379492 0.0417248
6 0.323538 0.62 0.328654 0.0357882
6 0.368836 0.234674 0.431364 0.0435815
6 0.295743 0.345792 0.272668 0.0381163
6 0.315605 0.455684 0.308845 0.0372593
6 0.324065 0.511062 0.327855 0.0361243
3 0.48497 0.974584 0.0597123 0.0333019
7 0.271099 0.972821 0.058223 0.0330345
0 0.702216 0.972964 0.0577169 0.0420379
