2 0.147293 0.236181 0.133147 0.0494512
2 0.14877 0.318149 0.136274 0.0500625
2 0.146982 0.399362 0.130501 0.0496085
1 0.495422 0.803585 0.839047 0.0582813
1 0.499915 0.720648 0.84436 0.0544992
7 0.273398 0.974034 0.0638376 0.0346636
3 0.486742 0.975315 0.0691885 0.0345272
2 0.906865 0.0747889 0.0763054 0.0422878
2 0.153547 0.801652 0.149024 0.04809
2 0.151411 0.72144 0.140608 0.0476023
0 0.70458 0.976615 0.0558709 0.0341857
2 0.128751 0.480683 0.0894665 0.0468317
2 0.168447 0.640844 0.17236 0.0474713
1 0.496762 0.639578 0.836988 0.0524573
2 0.848401 0.802189 0.159077 0.046252
2 0.848415 0.722469 0.160815 0.0479681
2 0.133878 0.560803 0.103893 0.0468302
2 0.849905 0.901581 0.137172 0.0696403
2 0.225987 0.152477 0.299628 0.0512857
2 0.850402 0.642263 0.161487 0.0483385
2 0.865268 0.152163 0.157598 0.0416403
0 0.118832 0.0718347 0.0573407 0.0349766
2 0.851187 0.561998 0.161841 0.0491523
2 0.500832 0.021763 0.200826 0.0431647
1 0.505258 0.884118 0.87372 0.0622708
2 0.853339 0.48098 0.157179 0.0489093
1 0.491113 0.479603 0.861501 0.0526026
1 0.487336 0.559894 0.849199 0.0511778
2 0.861604 0.235313 0.160249 0.0468552
2 0.857728 0.318549 0.161194 0.0466495
1 0.514152 0.400056 0.871854 0.0532007
2 0.853987 0.401356 0.162407 0.0478299
