6 0.303176 0.688261 0.287256 0.0356505
6 0.296463 0.634222 0.271456 0.0362416
6 0.296493 0.741881 0.273333 0.0345365
6 0.333944 0.415443 0.346583 0.038133
6 0.293051 0.359987 0.26643 0.0382156
0 0.0938749 0.0760177 0.060812 0.0342627
6 0.404999 0.57974 0.48741 0.0369157
6 0.420256 0.525516 0.520938 0.0377719
6 0.307875 0.304308 0.305787 0.0405429
7 0.27144 0.972742 0.0579247 0.0337292
3 0.484985 0.974448 0.0597778 0.0323629
0 0.702086 0.973062 0.0573323 0.0416035
6 0.328183 0.245891 0.34337 0.0476604
6 0.425626 0.471054 0.528833 0.0368481
