2 0.86001 0.393729 0.0658786 0.0307094
7 0.274373 0.97378 0.0526552 0.0328809
2 0.151886 0.299698 0.1537 0.0826264
2 0.835001 0.914109 0.0997216 0.0685372
2 0.143113 0.913256 0.0996417 0.0695358
3 0.48663 0.975654 0.0659683 0.0345997
2 0.661901 0.754489 0.225752 0.0457817
2 0.15539 0.191774 0.151728 0.0788983
0 0.703418 0.976193 0.0515954 0.0320953
2 0.372126 0.911803 0.137285 0.0601778
2 0.815671 0.0686202 0.193285 0.0302284
2 0.603517 0.914248 0.145071 0.0540798
2 0.50133 0.021625 0.198914 0.0425171
