6 0.330471 0.729781 0.342887 0.0374054
6 0.304048 0.401272 0.28662 0.037661
0 0.0937293 0.076282 0.0591288 0.0336269
6 0.321011 0.620015 0.322922 0.0358188
6 0.292151 0.345725 0.264367 0.03774
6 0.312514 0.289447 0.312621 0.0408345
6 0.352892 0.510692 0.382685 0.0369192
6 0.305193 0.565668 0.28927 0.0369131
6 0.309425 0.674608 0.305592 0.0348758
6 0.279919 0.456249 0.237965 0.0371555
7 0.271144 0.973624 0.0558338 0.0327831
3 0.484659 0.975243 0.0587366 0.0321648
0 0.703149 0.974502 0.0607885 0.0412735
6 0.388081 0.234638 0.471115 0.0441551
