2 0.815422 0.772881 0.190263 0.103061
2 0.376444 0.767928 0.164733 0.0948323
2 0.170108 0.508483 0.151946 0.0983388
2 0.161584 0.768532 0.172973 0.096952
2 0.384703 0.639915 0.166906 0.098879
2 0.38867 0.517392 0.190177 0.113583
2 0.830176 0.245437 0.164481 0.0970893
2 0.610863 0.249863 0.178496 0.0906514
2 0.595666 0.769703 0.159984 0.0965971
2 0.602954 0.516422 0.155722 0.0916416
2 0.607201 0.377573 0.156528 0.0970891
2 0.172242 0.643283 0.138842 0.0919434
2 0.60131 0.648772 0.157232 0.111367
2 0.389243 0.379862 0.154982 0.0914876
2 0.818759 0.641626 0.16211 0.10043
2 0.393134 0.247746 0.149544 0.0978948
2 0.82577 0.379178 0.184475 0.0988571
2 0.173397 0.37889 0.151229 0.100257
7 0.27043 0.973025 0.0603829 0.0344189
2 0.821909 0.513754 0.173764 0.0984929
2 0.17563 0.247038 0.131597 0.10339
2 0.385119 0.126409 0.201879 0.0624096
2 0.891445 0.0726769 0.0579947 0.0307084
0 0.701103 0.975521 0.0596782 0.0387077
3 0.484228 0.974283 0.0716368 0.0387999
2 0.836492 0.116193 0.164767 0.087379
2 0.507617 0.0221189 0.201445 0.0432182
8 0.496498 0.912474 0.774573 0.0485012
2 0.327826 0.0778205 0.222004 0.0263374
2 0.615422 0.115867 0.174718 0.0909516
2 0.175777 0.124675 0.150722 0.0670855
