6 0.281724 0.745577 0.246931 0.032325
6 0.290817 0.638115 0.261397 0.0358132
6 0.292216 0.364097 0.26537 0.0373517
6 0.315161 0.250791 0.318001 0.0479212
6 0.301266 0.692355 0.283958 0.0363811
6 0.295751 0.419415 0.268039 0.0378545
0 0.0936131 0.0761487 0.060073 0.0339364
6 0.314036 0.583827 0.308346 0.0363422
6 0.309607 0.474785 0.294574 0.0376197
6 0.302852 0.308184 0.294832 0.0392652
7 0.271246 0.973702 0.0566445 0.0327215
6 0.389039 0.529225 0.456872 0.0371914
0 0.702577 0.974295 0.05769 0.039687
3 0.484597 0.975124 0.0587702 0.0318367
