2 0.163955 0.727843 0.182672 0.114896
2 0.171546 0.460609 0.202535 0.0960272
2 0.812119 0.598953 0.178424 0.113234
2 0.602826 0.464915 0.196494 0.0883354
2 0.605252 0.3104 0.172853 0.0934584
2 0.826028 0.308087 0.159544 0.097794
2 0.390781 0.315304 0.198691 0.119218
2 0.601172 0.590349 0.159465 0.0994272
2 0.833846 0.173441 0.152829 0.108325
2 0.814168 0.84157 0.158178 0.0821262
2 0.383476 0.718945 0.153763 0.0983047
2 0.393691 0.171945 0.176436 0.103323
2 0.60043 0.71928 0.173668 0.0979658
2 0.385413 0.59008 0.167069 0.0986895
2 0.815542 0.726125 0.139796 0.0902073
2 0.614026 0.178353 0.181796 0.118461
2 0.173026 0.187785 0.148106 0.113024
2 0.817412 0.458321 0.177055 0.0986899
2 0.388149 0.464295 0.14534 0.0939192
2 0.172403 0.313381 0.146349 0.0920773
7 0.270378 0.972621 0.063821 0.03419
2 0.596854 0.840399 0.155872 0.0808704
2 0.169813 0.595691 0.158909 0.118062
2 0.891465 0.072479 0.0606739 0.0321333
3 0.484551 0.974509 0.0716422 0.0385067
0 0.701087 0.975073 0.061213 0.0390708
8 0.490781 0.911624 0.783272 0.0519387
2 0.16679 0.839399 0.151446 0.0691709
2 0.384717 0.841372 0.142747 0.0668219
2 0.50709 0.0230228 0.206006 0.0437005
2 0.136628 0.0827341 0.0940179 0.0449115
2 0.328435 0.0773605 0.218009 0.0266486
2 0.495117 0.912792 0.779603 0.050927
