2 0.382384 0.557759 0.592975 0.0544842
2 0.293917 0.697596 0.411253 0.0444952
2 0.333532 0.878327 0.496098 0.0458191
2 0.253121 0.633254 0.330216 0.0461159
2 0.300604 0.482131 0.426127 0.0444358
2 0.408656 0.339266 0.638761 0.058788
2 0.247372 0.140486 0.31707 0.0496485
2 0.437183 0.212266 0.699263 0.0505425
7 0.273009 0.973316 0.0497686 0.0296423
3 0.487232 0.974187 0.061516 0.0329128
2 0.215032 0.76109 0.257606 0.0450569
0 0.702424 0.975123 0.0505852 0.032184
2 0.194485 0.417177 0.210397 0.0464235
2 0.507479 0.0208581 0.200405 0.0415338
1 0.214258 0.761243 0.255293 0.0469013
