9 0.489244 0.827433 0.914925 0.228611
2 0.262788 0.389227 0.401508 0.0617591
2 0.242799 0.472849 0.357613 0.0579201
2 0.241562 0.603604 0.358297 0.0586109
7 0.274027 0.973913 0.0554116 0.0343821
0 0.0936535 0.0767898 0.0540527 0.0322697
3 0.484258 0.975864 0.0699109 0.0375217
2 0.233543 0.254872 0.341272 0.0582306
2 0.62502 0.684123 0.0657402 0.0403928
2 0.896478 0.685371 0.0849916 0.0451729
2 0.759836 0.68362 0.0675696 0.0394941
0 0.70221 0.976332 0.0652453 0.0383263
2 0.48971 0.6839 0.0626556 0.0321869
2 0.220019 0.682981 0.0826066 0.0321316
2 0.353734 0.683838 0.0752658 0.0291992
2 0.0866698 0.68446 0.0811597 0.0391065
2 0.50156 0.0216883 0.201546 0.0427595
2 0.116068 0.255309 0.10613 0.0540225
2 0.11714 0.388694 0.105442 0.0543768
