2 0.382828 0.655275 0.610628 0.053174
2 0.27124 0.497609 0.383209 0.0363368
2 0.201757 0.387337 0.238401 0.0334816
2 0.177561 0.331549 0.192657 0.031924
2 0.206973 0.161546 0.254064 0.0361869
2 0.261595 0.553694 0.3654 0.0377794
2 0.187198 0.275233 0.205865 0.0322733
7 0.271528 0.972905 0.061694 0.0360066
2 0.248975 0.442285 0.336182 0.0362486
3 0.484458 0.974674 0.0689111 0.0355565
0 0.701925 0.976008 0.0593508 0.0333405
2 0.499345 0.0222113 0.200159 0.0437502
2 0.87201 0.0801 0.0854677 0.0482716
2 0.195228 0.218131 0.231847 0.0343974
