1 0.498916 0.26857 0.889463 0.0633881
1 0.503619 0.180507 0.889551 0.0684575
3 0.487598 0.974867 0.0687347 0.0379529
2 0.450177 0.734078 0.788022 0.0599585
7 0.273807 0.973789 0.0584989 0.0336618
2 0.23242 0.424232 0.35074 0.0605196
2 0.478557 0.823472 0.855795 0.0631149
1 0.499803 0.345016 0.885761 0.0535221
2 0.299257 0.656433 0.47292 0.034614
0 0.102463 0.0763443 0.0560907 0.0338588
2 0.380414 0.51451 0.651207 0.0619039
0 0.704507 0.974886 0.0554637 0.0390213
2 0.256706 0.900498 0.407859 0.0327851
2 0.363184 0.593262 0.597354 0.033701
2 0.509785 0.0211561 0.205273 0.042039
