2 0.274084 0.300316 0.377648 0.0553299
2 0.316852 0.376349 0.457026 0.0415039
2 0.279083 0.51186 0.433852 0.0539211
2 0.345794 0.2138 0.555464 0.0625663
3 0.484716 0.975119 0.066669 0.0359108
2 0.293883 0.824746 0.46745 0.0328553
2 0.263104 0.644138 0.39911 0.0317861
2 0.172805 0.88471 0.234157 0.0296606
7 0.270808 0.974462 0.0615147 0.0315232
2 0.275225 0.764517 0.430219 0.0339005
2 0.919963 0.0737642 0.0813172 0.0417334
0 0.100083 0.0712898 0.0574295 0.0354262
0 0.702323 0.976183 0.0539563 0.0347336
2 0.2248 0.703824 0.329898 0.0335262
2 0.354263 0.583562 0.580862 0.03204
2 0.508516 0.021295 0.199608 0.0416917
2 0.120703 0.212282 0.105392 0.0563294
2 0.19897 0.138256 0.269518 0.0353188
2 0.111067 0.942093 0.114363 0.0203396
