9 0.49181 0.827671 0.917151 0.226137
7 0.274648 0.973525 0.0554599 0.0341781
3 0.48448 0.975637 0.0702085 0.0374741
2 0.897123 0.686018 0.0812838 0.0425126
2 0.0886081 0.684522 0.0766837 0.0404416
2 0.920709 0.0743855 0.0773133 0.0419326
2 0.50862 0.0210971 0.200602 0.0417363
0 0.100598 0.071122 0.0568942 0.0333712
2 0.626522 0.684302 0.0658047 0.0377083
0 0.702525 0.976702 0.0640402 0.037883
8 0.497918 0.354773 0.883514 0.051747
2 0.761403 0.684325 0.0696623 0.0358969
2 0.492227 0.683268 0.0577694 0.030055
8 0.489667 0.612289 0.870154 0.0659406
2 0.355494 0.682897 0.0710233 0.0249466
8 0.505291 0.174115 0.873399 0.0642822
