8 0.489609 0.481006 0.694975 0.0766649
8 0.492771 0.304991 0.691989 0.0807932
9 0.48862 0.811989 0.909507 0.261613
8 0.382201 0.563421 0.479933 0.0737392
8 0.385661 0.388675 0.478767 0.0764276
8 0.490479 0.210408 0.694982 0.082535
2 0.749938 0.081812 0.22199 0.0604808
2 0.0940317 0.0770538 0.048976 0.0344407
7 0.275598 0.97345 0.0599235 0.0365299
3 0.487711 0.974625 0.0702634 0.0369823
0 0.704546 0.974892 0.0681017 0.0383961
2 0.499849 0.0216029 0.197063 0.0427766
4 0.910195 0.0798786 0.0341252 0.0396609
2 0.352289 0.683137 0.0491486 0.0278542
