1 0.49624 0.423847 0.82449 0.0594937
1 0.493968 0.520092 0.823999 0.0770462
0 0.702012 0.976185 0.0584112 0.0335419
1 0.487942 0.677067 0.81255 0.0436123
1 0.488829 0.905309 0.821041 0.0469444
7 0.27103 0.973661 0.0549767 0.0341715
1 0.491135 0.608639 0.813885 0.0439959
1 0.489405 0.749863 0.810177 0.0567199
1 0.496233 0.221631 0.833395 0.0533045
3 0.483983 0.975648 0.0679688 0.0360771
1 0.498588 0.342921 0.825564 0.0556527
0 0.123762 0.0705152 0.0419143 0.0302437
1 0.82662 0.676652 0.143193 0.0488549
2 0.508712 0.0235073 0.203877 0.0465408
