2 0.603099 0.912702 0.138002 0.0564835
2 0.858051 0.0750157 0.084362 0.0462984
2 0.150278 0.810688 0.148117 0.0772117
2 0.371753 0.910487 0.134441 0.0627086
2 0.750116 0.0729128 0.0670686 0.0420857
2 0.375423 0.134069 0.139693 0.0273444
2 0.834078 0.910682 0.101503 0.0621403
2 0.143153 0.91241 0.0972654 0.0634583
3 0.487115 0.975882 0.0687688 0.0352821
7 0.274499 0.973543 0.0544895 0.0339213
2 0.163984 0.134259 0.173125 0.0297774
0 0.703286 0.976698 0.0515324 0.0342318
2 0.580574 0.135187 0.160574 0.028097
2 0.816581 0.135431 0.194969 0.0269729
2 0.500373 0.0233747 0.205963 0.0456496
2 0.152309 0.603498 0.148281 0.0767063
2 0.153216 0.707426 0.147165 0.0743892
4 0.861414 0.53208 0.0299488 0.0327955
