8 0.490016 0.395127 0.692172 0.0765369
8 0.488466 0.309654 0.694662 0.0832168
9 0.489508 0.82937 0.915064 0.224901
8 0.486158 0.575238 0.679615 0.0716223
8 0.487141 0.484852 0.687444 0.0739893
2 0.750087 0.0791986 0.22302 0.0560908
3 0.486712 0.975813 0.0702596 0.0375908
7 0.276304 0.973849 0.0554135 0.0342705
2 0.894978 0.685491 0.0839856 0.0435068
2 0.093692 0.0772911 0.0564573 0.0379034
2 0.759838 0.684068 0.0650502 0.0361024
0 0.704551 0.976316 0.0658403 0.0386219
8 0.399029 0.642879 0.511273 0.0421927
4 0.91047 0.0794956 0.0354018 0.0401299
2 0.499357 0.0219005 0.198842 0.0432802
2 0.624275 0.685725 0.0646127 0.0326984
