9 0.49165 0.828219 0.918534 0.225874
7 0.274583 0.973543 0.0558677 0.0348209
3 0.484657 0.975698 0.070399 0.037888
2 0.088433 0.684087 0.0810933 0.0430384
2 0.897584 0.685838 0.0836081 0.0439152
2 0.920697 0.0743829 0.0772711 0.0418788
2 0.508523 0.0211035 0.200294 0.0416212
0 0.100053 0.0710379 0.0586491 0.033749
0 0.702698 0.976655 0.0644938 0.038319
2 0.760704 0.68456 0.0695104 0.0355882
2 0.626702 0.684647 0.0657504 0.0382289
2 0.355868 0.683022 0.0714477 0.0240453
2 0.222824 0.682602 0.0664553 0.0352139
