2 0.823229 0.299635 0.176273 0.104954
2 0.176542 0.163979 0.200015 0.0939379
2 0.61178 0.16364 0.192118 0.0942077
2 0.81747 0.692068 0.173467 0.0953844
2 0.592792 0.689214 0.185768 0.0979019
2 0.382582 0.691972 0.142073 0.0915257
2 0.169674 0.687155 0.193408 0.0980619
2 0.381699 0.818035 0.167419 0.101186
2 0.819252 0.567812 0.174582 0.112757
2 0.815514 0.819645 0.162624 0.102907
2 0.166179 0.81755 0.17303 0.102422
2 0.601774 0.560472 0.151363 0.0994128
2 0.609009 0.295057 0.160082 0.101335
2 0.391615 0.29485 0.168313 0.100134
2 0.388151 0.427327 0.156617 0.097981
2 0.607266 0.428161 0.169338 0.0985992
2 0.169984 0.572433 0.1513 0.106363
2 0.598314 0.819752 0.138762 0.100465
2 0.386537 0.565739 0.137778 0.0924908
2 0.172686 0.300762 0.16034 0.118688
7 0.270845 0.973807 0.0610414 0.0342061
2 0.82381 0.435417 0.142604 0.0911088
2 0.830721 0.157171 0.177495 0.107779
2 0.394514 0.16506 0.144149 0.0965664
3 0.484248 0.975453 0.0710666 0.0382439
2 0.172693 0.434599 0.185759 0.115525
0 0.701518 0.976267 0.0564437 0.038116
2 0.891378 0.0725694 0.0568026 0.0321858
2 0.508574 0.0226443 0.201473 0.0440063
2 0.33146 0.0778265 0.223951 0.0306472
2 0.491195 0.912396 0.785736 0.0524029
8 0.491202 0.911165 0.788313 0.0516847
