2 0.398937 0.582267 0.41125 0.0493026
2 0.392123 0.259724 0.399942 0.0547629
2 0.376407 0.390979 0.361931 0.0516301
2 0.374846 0.325192 0.36127 0.0514603
2 0.370487 0.710048 0.353989 0.0549988
2 0.395287 0.518391 0.405787 0.0508507
2 0.322577 0.454563 0.258192 0.05096
2 0.181442 0.89589 0.158705 0.0719166
2 0.487811 0.898983 0.163099 0.0709516
2 0.871284 0.0797421 0.0870906 0.0478426
2 0.796739 0.901696 0.154715 0.0643918
2 0.872922 0.156066 0.0621624 0.0337255
2 0.831922 0.812987 0.138812 0.0704118
2 0.757434 0.155856 0.0717808 0.0332292
4 0.747793 0.0786623 0.0319446 0.0395716
7 0.274978 0.973803 0.0558349 0.0343476
3 0.486877 0.977422 0.0762801 0.0377418
8 0.399368 0.0774121 0.644611 0.0642372
0 0.704089 0.977014 0.0641355 0.0334972
2 0.49916 0.0221516 0.199744 0.0437778
2 0.297602 0.644626 0.215313 0.0524749
2 0.375602 0.200832 0.378901 0.0423341
6 0.298306 0.644955 0.21647 0.0531699
2 0.825466 0.808825 0.058974 0.0296624
2 0.24635 0.710713 0.101521 0.0533535
