1 0.49232 0.768386 0.805163 0.0501169
1 0.49015 0.839045 0.807844 0.0485985
1 0.495823 0.910389 0.810906 0.0505059
1 0.496354 0.489689 0.816668 0.0531454
3 0.486736 0.975538 0.0659263 0.0340147
7 0.273358 0.97322 0.0529545 0.0330834
1 0.496062 0.558754 0.813605 0.0544189
1 0.499558 0.419071 0.822415 0.0540801
1 0.504251 0.20702 0.806656 0.0510866
0 0.704388 0.976319 0.0602681 0.0338579
1 0.506998 0.276173 0.813235 0.049903
1 0.499131 0.62919 0.817224 0.0547371
4 0.893868 0.0743052 0.0306975 0.0394791
1 0.504655 0.347543 0.825982 0.0562747
0 0.129076 0.0713253 0.066501 0.0371538
1 0.498175 0.699214 0.806183 0.0496574
2 0.508598 0.0217895 0.203092 0.0432004
2 0.231804 0.837201 0.291951 0.0534773
2 0.222822 0.698377 0.245682 0.0464918
