6 0.424091 0.297991 0.518648 0.0470311
0 0.0935869 0.0760184 0.0605037 0.0336993
7 0.271124 0.97363 0.0542604 0.0328243
6 0.33381 0.628191 0.338394 0.0416159
6 0.294823 0.574823 0.263497 0.0433838
3 0.484453 0.975182 0.0583204 0.0325674
0 0.702753 0.974621 0.0569548 0.0409294
6 0.30882 0.520728 0.286038 0.0445383
6 0.319545 0.464777 0.305678 0.0445356
6 0.331361 0.683801 0.336899 0.0430567
6 0.423739 0.355639 0.512491 0.0460805
6 0.329728 0.410327 0.325992 0.0434131
6 0.2841 0.737461 0.242091 0.0448896
