2 0.87023 0.0792407 0.0838639 0.0447061
2 0.177716 0.895663 0.163234 0.0712409
2 0.486493 0.900552 0.16434 0.0721222
2 0.467852 0.577495 0.344091 0.0341299
2 0.757427 0.155457 0.0683981 0.0323287
2 0.831037 0.814045 0.136698 0.0711473
3 0.486824 0.975818 0.0748307 0.0392136
2 0.796002 0.901378 0.151998 0.0664931
2 0.87295 0.155924 0.0602226 0.0319927
7 0.275733 0.972654 0.0553699 0.0380622
2 0.741142 0.577764 0.112687 0.0264035
0 0.704236 0.976425 0.0651696 0.0348068
2 0.500294 0.0222241 0.19956 0.0439386
2 0.825926 0.80737 0.0616487 0.0356102
8 0.454122 0.0755301 0.726416 0.0587796
2 0.795699 0.888065 0.0578113 0.0355957
