5 0.491158 0.829659 0.916461 0.23595
8 0.487471 0.509934 0.697303 0.0767315
8 0.49149 0.334308 0.703347 0.0797513
2 0.749687 0.080806 0.220653 0.0582489
8 0.3849 0.418302 0.48435 0.0783008
2 0.0943187 0.0766792 0.0504014 0.0341609
8 0.389843 0.592 0.486391 0.0745262
3 0.486814 0.975827 0.0669 0.0311796
8 0.496636 0.153348 0.696536 0.0837575
7 0.274425 0.973371 0.0625096 0.0346962
8 0.388614 0.24013 0.473794 0.0788451
0 0.703188 0.976437 0.0580764 0.0284447
2 0.49979 0.0217827 0.196861 0.0431242
4 0.910875 0.0792032 0.0338083 0.0391924
