6 0.279592 0.60128 0.24471 0.0365003
6 0.322918 0.326705 0.325909 0.0382839
6 0.276784 0.656164 0.23413 0.0362801
0 0.0933748 0.0764436 0.0592677 0.0334166
6 0.318565 0.382892 0.314574 0.0382332
6 0.348942 0.215596 0.388812 0.0433357
6 0.318535 0.709701 0.31764 0.0361729
6 0.329457 0.437497 0.337068 0.0357876
6 0.284876 0.547286 0.249196 0.0367502
6 0.315091 0.492859 0.308794 0.0369521
6 0.323213 0.764388 0.329068 0.0348102
6 0.303183 0.270987 0.292005 0.0407264
7 0.271168 0.973694 0.057447 0.0333279
3 0.484496 0.975169 0.0589391 0.03263
0 0.703578 0.974418 0.0615211 0.0421322
