9 0.489076 0.827371 0.930471 0.230296
8 0.499871 0.329184 0.841331 0.0848061
2 0.800577 0.620349 0.208052 0.056582
3 0.484904 0.974704 0.0706958 0.03711
7 0.273181 0.973109 0.0583304 0.035511
2 0.75987 0.684018 0.0645954 0.0360584
2 0.895159 0.686185 0.0702811 0.0378565
2 0.624961 0.684523 0.0655183 0.0379061
0 0.702192 0.975288 0.0640835 0.0367775
2 0.490124 0.683643 0.0612345 0.0344574
2 0.0850414 0.684996 0.0854604 0.0442079
2 0.501113 0.0221749 0.202198 0.0433364
2 0.220288 0.682173 0.0578817 0.038805
