1 0.490982 0.825008 0.805043 0.0521994
1 0.496041 0.687251 0.801769 0.0496728
1 0.493954 0.616329 0.815556 0.0526243
1 0.488243 0.897267 0.822045 0.053093
1 0.50422 0.334905 0.812333 0.0533605
1 0.496205 0.756412 0.797808 0.0488136
1 0.504688 0.263835 0.815216 0.0506433
7 0.270882 0.97319 0.0555859 0.0341996
0 0.702741 0.976055 0.0581582 0.0343991
1 0.497743 0.545908 0.814846 0.0518116
1 0.500468 0.477244 0.813773 0.0531452
1 0.49823 0.405501 0.823476 0.0540972
1 0.550371 0.190813 0.719834 0.0498917
3 0.48357 0.975646 0.0677115 0.034976
4 0.89447 0.0740475 0.0314835 0.039032
0 0.129077 0.0710981 0.0651813 0.0380192
2 0.508149 0.0218927 0.202077 0.0433291
