7 0.274704 0.974377 0.064412 0.0338619
2 0.756419 0.509338 0.174576 0.107866
2 0.234813 0.3727 0.14179 0.104155
2 0.22837 0.508528 0.187372 0.10569
2 0.233049 0.638786 0.188794 0.101805
2 0.236236 0.23427 0.142735 0.108933
2 0.498009 0.371197 0.187516 0.107325
2 0.494616 0.50788 0.193068 0.104007
2 0.493088 0.640231 0.137485 0.106351
2 0.760531 0.376035 0.167102 0.107089
2 0.75389 0.641116 0.137351 0.108022
2 0.765587 0.235962 0.156911 0.111057
2 0.500016 0.236865 0.177059 0.106704
0 0.707124 0.975173 0.0671741 0.0389697
3 0.489628 0.975355 0.070057 0.0367836
2 0.828211 0.0809615 0.072482 0.0456813
2 0.34482 0.759118 0.13262 0.0223188
2 0.17947 0.758704 0.124404 0.0232526
2 0.697114 0.0814069 0.0791031 0.0438326
2 0.49294 0.760492 0.095652 0.0327519
