9 0.491537 0.828855 0.914375 0.224633
2 0.608546 0.285625 0.206144 0.0914353
2 0.394226 0.286086 0.205003 0.0932571
2 0.829403 0.184756 0.207044 0.0965349
2 0.181282 0.181626 0.207685 0.0957614
2 0.612732 0.183935 0.208462 0.0944106
2 0.179063 0.284838 0.201214 0.0914752
7 0.274177 0.973972 0.0567855 0.0356102
3 0.484269 0.976137 0.0699365 0.0375656
0 0.141133 0.0759831 0.0524218 0.039318
2 0.824664 0.286098 0.206584 0.0915714
0 0.701618 0.976755 0.0642942 0.0385431
2 0.0864089 0.684972 0.0818942 0.0402934
2 0.899193 0.687049 0.0848251 0.0419247
2 0.397007 0.182199 0.205342 0.0949331
2 0.760936 0.685278 0.0641401 0.032605
2 0.492436 0.683403 0.0579573 0.0301672
2 0.626449 0.684584 0.0653173 0.033571
2 0.355668 0.683854 0.0677912 0.0267687
2 0.222509 0.683926 0.0611885 0.0324834
