8 0.486633 0.602423 0.689575 0.0774002
8 0.487199 0.512515 0.69003 0.0765299
8 0.487545 0.692201 0.687065 0.0783151
8 0.487246 0.428591 0.693812 0.0794965
8 0.383576 0.773806 0.481033 0.0775565
8 0.48069 0.867068 0.704201 0.085535
2 0.750415 0.0799033 0.224897 0.0559662
2 0.0932365 0.0774147 0.0503096 0.0348868
7 0.275364 0.973831 0.0559727 0.0304593
3 0.487269 0.974536 0.068059 0.0355947
4 0.911178 0.079564 0.0317961 0.0395257
2 0.704035 0.975125 0.0635554 0.0386136
2 0.50009 0.0214343 0.199349 0.0425529
