2 0.486413 0.892093 0.79975 0.0734329
3 0.487049 0.975048 0.0696717 0.0376953
2 0.318653 0.70683 0.453835 0.0579405
7 0.273195 0.974063 0.0517439 0.0347289
0 0.703896 0.976006 0.0554582 0.0401987
2 0.295022 0.27319 0.401664 0.0607009
2 0.296936 0.448969 0.398765 0.0581383
0 0.127827 0.0712727 0.0664072 0.0357059
2 0.144825 0.79287 0.109289 0.0574637
2 0.77317 0.709872 0.233555 0.0547689
2 0.294101 0.622159 0.403616 0.0575209
2 0.298859 0.360644 0.414885 0.0602224
2 0.772688 0.792628 0.231298 0.0533197
