1 0.493637 0.864868 0.801359 0.0488781
1 0.495867 0.794328 0.796572 0.0503368
1 0.493813 0.584959 0.818666 0.0552161
1 0.501175 0.724407 0.791603 0.0492709
3 0.487269 0.975811 0.0678704 0.0333038
7 0.272995 0.9735 0.0526439 0.0315182
1 0.497414 0.654242 0.80546 0.0509652
1 0.498839 0.515782 0.807072 0.0522308
0 0.704337 0.976965 0.0574945 0.0304872
1 0.515206 0.232313 0.789217 0.0515982
1 0.498048 0.445976 0.823323 0.0522575
1 0.475505 0.931455 0.84519 0.0428475
2 0.508776 0.021848 0.202578 0.0432196
0 0.129327 0.0710678 0.0654783 0.0370003
4 0.893729 0.0741021 0.0316602 0.0398108
1 0.503945 0.302919 0.812346 0.0546651
6 0.488381 0.372973 0.843076 0.0529341
1 0.495925 0.372938 0.815941 0.0551673
