9 0.490016 0.829484 0.914302 0.223809
2 0.263869 0.314871 0.403872 0.0575796
7 0.274239 0.973768 0.0546685 0.0345568
3 0.484188 0.975768 0.0694574 0.0375448
2 0.276218 0.400259 0.420565 0.0579322
2 0.489532 0.683352 0.0577198 0.0281424
2 0.894446 0.685542 0.0809328 0.04239
2 0.169457 0.532409 0.221556 0.0596048
2 0.624723 0.684465 0.0593185 0.0326385
0 0.0949551 0.0766058 0.0567027 0.03398
0 0.702077 0.976447 0.063632 0.0384045
2 0.759545 0.684275 0.0579548 0.0306877
2 0.0867773 0.684354 0.0734841 0.0377037
2 0.2202 0.682615 0.0499113 0.027925
2 0.355729 0.683791 0.0713459 0.0237309
2 0.819601 0.623729 0.177045 0.035515
2 0.5011 0.0217848 0.202105 0.0428344
