2 0.815512 0.63701 0.158319 0.0986904
2 0.381925 0.762095 0.20857 0.102249
2 0.600196 0.510145 0.153093 0.100779
2 0.598065 0.761651 0.162443 0.0988075
2 0.385433 0.385495 0.177734 0.100081
2 0.3837 0.636367 0.158289 0.100519
2 0.386561 0.252413 0.158046 0.102296
2 0.598148 0.641807 0.18657 0.115932
3 0.484921 0.976374 0.0670611 0.0346847
2 0.818433 0.762908 0.178744 0.0988969
2 0.169205 0.382157 0.154642 0.0988322
2 0.166517 0.262124 0.152066 0.0947068
2 0.163349 0.769433 0.161691 0.119436
0 0.700716 0.976972 0.0550576 0.0353912
2 0.59778 0.912483 0.15525 0.0810558
7 0.271768 0.974848 0.0571507 0.0315876
2 0.162018 0.912111 0.162055 0.0833736
2 0.815489 0.91401 0.157393 0.0812184
2 0.378691 0.911874 0.157635 0.0825195
2 0.167045 0.13082 0.175733 0.127275
2 0.38817 0.121985 0.154576 0.105262
2 0.382977 0.517042 0.180503 0.116212
2 0.819992 0.510583 0.195589 0.103105
2 0.605654 0.384406 0.157523 0.100084
2 0.716346 0.243869 0.418923 0.0891969
2 0.167997 0.641059 0.195347 0.111163
2 0.167958 0.511761 0.155267 0.103832
