2 0.485865 0.891105 0.793244 0.0686432
3 0.487147 0.975135 0.0688156 0.0369526
7 0.273448 0.973896 0.0521512 0.0342918
2 0.343342 0.642736 0.499117 0.0576998
2 0.299701 0.213345 0.399401 0.0506488
2 0.772039 0.730716 0.236204 0.0516146
2 0.319934 0.729219 0.453816 0.060403
0 0.703524 0.975832 0.0564698 0.0402336
2 0.321571 0.294913 0.447642 0.0586977
0 0.128386 0.0716116 0.0659915 0.0359764
2 0.145164 0.814058 0.110435 0.0569359
2 0.294704 0.556567 0.401168 0.0581909
2 0.320718 0.813454 0.457591 0.0613281
2 0.316483 0.382107 0.419175 0.0575835
