2 0.870583 0.0801646 0.0819781 0.045749
2 0.48808 0.89834 0.167182 0.0722919
2 0.179588 0.894822 0.16321 0.0716194
3 0.486143 0.977235 0.0806953 0.0387058
7 0.274679 0.974189 0.05585 0.0334845
2 0.75731 0.155911 0.0716938 0.032057
2 0.796391 0.901335 0.157494 0.0649822
2 0.875777 0.157496 0.0795003 0.0421872
0 0.703841 0.976967 0.0626119 0.033178
2 0.827681 0.808284 0.0599533 0.0301444
2 0.79541 0.889171 0.0606997 0.0362938
8 0.450429 0.0776431 0.726707 0.05179
2 0.832056 0.816322 0.143473 0.0651048
2 0.499521 0.0220156 0.199239 0.0434839
