2 0.722316 0.080371 0.108862 0.0617055
2 0.65423 0.273413 0.133323 0.0783524
2 0.658525 0.181792 0.13083 0.0752583
2 0.348223 0.17959 0.134699 0.076167
8 0.337008 0.0768722 0.509718 0.0656339
2 0.192504 0.178388 0.134146 0.0751551
2 0.191696 0.27226 0.132703 0.0785836
2 0.346725 0.272063 0.131994 0.0733897
2 0.814004 0.180406 0.135307 0.0764072
2 0.875644 0.0820227 0.105281 0.0591516
0 0.700454 0.97755 0.063089 0.0344089
2 0.500737 0.271547 0.131649 0.0758485
2 0.186269 0.454021 0.142481 0.11136
4 0.875514 0.0818934 0.104263 0.0591247
2 0.816509 0.269689 0.147569 0.0764086
2 0.500547 0.459362 0.131968 0.122003
2 0.345638 0.453184 0.132235 0.112871
2 0.511179 0.0217353 0.198795 0.0429535
2 0.656109 0.442676 0.131425 0.0876771
2 0.810844 0.453892 0.137611 0.107542
