2 0.816737 0.763516 0.15573 0.103711
2 0.600329 0.636123 0.161972 0.100849
2 0.158079 0.910542 0.16087 0.081784
2 0.593893 0.911591 0.154615 0.0817631
2 0.385268 0.634407 0.164164 0.102259
2 0.817801 0.636901 0.160599 0.100683
2 0.387279 0.50864 0.159762 0.102052
8 0.408262 0.389895 0.679195 0.063741
2 0.811425 0.914258 0.15676 0.0798104
2 0.377052 0.910282 0.15508 0.0830613
2 0.163408 0.767736 0.152562 0.116899
3 0.483285 0.976498 0.0661179 0.0337291
0 0.698681 0.978218 0.0547634 0.0350159
7 0.270012 0.974284 0.0588377 0.0320787
2 0.600976 0.512675 0.179914 0.102182
2 0.815681 0.510222 0.181949 0.103053
2 0.50985 0.0220599 0.209192 0.0438904
