6 0.30343 0.233842 0.300166 0.0457407
6 0.322501 0.729516 0.327193 0.037146
6 0.275718 0.400775 0.235376 0.0360167
6 0.290226 0.289768 0.270105 0.0402126
0 0.0937121 0.076348 0.060225 0.0336027
6 0.281969 0.674096 0.250953 0.0344522
6 0.287912 0.345355 0.25777 0.0379939
6 0.329135 0.620044 0.339837 0.0355871
6 0.297272 0.455841 0.275202 0.0369249
6 0.303126 0.565822 0.289963 0.0368374
6 0.304932 0.510816 0.290126 0.0369284
3 0.484861 0.974767 0.0605611 0.0332722
7 0.271276 0.972852 0.0574952 0.0330047
0 0.702563 0.973379 0.0579277 0.0412352
