1 0.49603 0.423698 0.82401 0.0593975
1 0.494101 0.520315 0.824729 0.0773682
1 0.489177 0.90516 0.819863 0.0464851
0 0.702073 0.976039 0.0584157 0.0330708
1 0.488362 0.677034 0.811508 0.0426546
7 0.271173 0.97352 0.0553106 0.0338333
1 0.490552 0.608885 0.811313 0.043339
1 0.489291 0.750084 0.809074 0.0576116
1 0.497208 0.222112 0.83406 0.0525589
3 0.483883 0.975583 0.0677569 0.0358715
1 0.498801 0.343282 0.825278 0.0544274
0 0.124 0.0705277 0.0425656 0.0303584
2 0.508633 0.0234827 0.203492 0.0465073
1 0.826486 0.676647 0.143396 0.0491226
