2 0.33438 0.700193 0.54333 0.0650654
2 0.828449 0.887103 0.182319 0.0887852
7 0.271216 0.971918 0.0560195 0.0355205
2 0.304425 0.863224 0.510076 0.070403
2 0.832703 0.783396 0.192509 0.0499949
2 0.321604 0.781619 0.533539 0.0665621
3 0.484388 0.974478 0.0668047 0.0356854
2 0.394792 0.453992 0.668662 0.0671915
4 0.895433 0.0731421 0.0295637 0.0408894
2 0.318132 0.287302 0.525333 0.0680632
0 0.701419 0.976272 0.0497612 0.0350285
2 0.385026 0.536356 0.651826 0.0652256
2 0.388093 0.6189 0.669941 0.0634422
2 0.27254 0.370891 0.434204 0.0696818
2 0.393391 0.198311 0.669116 0.0746024
2 0.508575 0.0227605 0.197842 0.0450804
2 0.108496 0.864524 0.109547 0.0589573
2 0.484461 0.927078 0.203194 0.0237571
2 0.115602 0.284417 0.118594 0.0609753
2 0.115991 0.198037 0.116147 0.0610563
2 0.114733 0.367787 0.117293 0.0602877
2 0.853536 0.120781 0.202431 0.0370022
