2 0.123962 0.141039 0.144069 0.0781646
2 0.69266 0.225266 0.335384 0.0347654
2 0.622756 0.286771 0.192984 0.031492
2 0.724868 0.081402 0.0585287 0.032967
2 0.621967 0.347721 0.187098 0.0325403
2 0.814173 0.0810352 0.0599279 0.0335877
2 0.903458 0.0809689 0.0639541 0.0355582
2 0.487266 0.919766 0.0819864 0.036784
2 0.795998 0.920435 0.0739224 0.0394855
2 0.2587 0.406836 0.364468 0.0381139
7 0.274384 0.974917 0.0594834 0.0291371
2 0.256791 0.346353 0.350356 0.0423637
2 0.179968 0.918926 0.0809132 0.0403114
2 0.498839 0.790672 0.518986 0.0567228
3 0.486153 0.97664 0.0751918 0.0361222
0 0.703235 0.976978 0.0561391 0.0318959
2 0.185352 0.285913 0.199891 0.0363349
8 0.25988 0.407324 0.364826 0.0395176
2 0.499072 0.0227839 0.204192 0.0453242
