2 0.180512 0.898548 0.163172 0.0671108
2 0.870535 0.0796242 0.0813839 0.0444638
2 0.75851 0.155504 0.0732905 0.0313717
2 0.487258 0.899521 0.166603 0.0695243
2 0.873082 0.156691 0.062343 0.0308168
3 0.48673 0.977263 0.0773421 0.0371806
7 0.274668 0.974129 0.0557765 0.0318826
8 0.45729 0.0775853 0.725028 0.0476819
0 0.704144 0.977008 0.0642444 0.0324619
2 0.795364 0.889319 0.0596938 0.0356151
2 0.827273 0.808523 0.058462 0.0303867
2 0.17025 0.828766 0.226092 0.0463394
2 0.831785 0.817312 0.141898 0.061605
2 0.499435 0.0219281 0.198479 0.0432803
2 0.796925 0.901449 0.156356 0.0645866
