2 0.49019 0.889042 0.794473 0.0660797
1 0.490077 0.4649 0.805112 0.04058
1 0.492192 0.529076 0.817692 0.0380925
1 0.491163 0.400547 0.805679 0.0362854
2 0.892549 0.0800346 0.0777736 0.0428526
1 0.492676 0.336179 0.812773 0.0382953
3 0.487806 0.973961 0.0733018 0.03867
1 0.49996 0.2704 0.82752 0.0380862
7 0.272669 0.973127 0.0667442 0.0372265
0 0.703401 0.975001 0.0622461 0.0431311
0 0.135702 0.0762534 0.0704182 0.0421223
2 0.507965 0.0216971 0.20444 0.0430294
2 0.218217 0.464257 0.261142 0.0394163
