1 0.491775 0.708581 0.816588 0.0526364
1 0.495864 0.499521 0.829075 0.053109
1 0.492445 0.918433 0.815358 0.0477903
1 0.496421 0.847689 0.795094 0.0473196
1 0.506475 0.215578 0.820136 0.0511804
0 0.704367 0.976467 0.0600553 0.0323113
1 0.492 0.779166 0.802518 0.0492353
7 0.273016 0.97345 0.0524509 0.0333564
1 0.497248 0.429083 0.825051 0.05476
3 0.486683 0.97556 0.0681601 0.0347127
1 0.495396 0.568694 0.822637 0.054679
1 0.50451 0.28466 0.819627 0.05082
2 0.508602 0.021729 0.201391 0.0429058
4 0.89341 0.07399 0.0308948 0.0396466
0 0.129015 0.0709565 0.0666 0.0374291
1 0.49591 0.638351 0.819114 0.0556784
1 0.505535 0.357053 0.827164 0.0535038
6 0.500875 0.35723 0.822133 0.0536512
2 0.243073 0.569347 0.318269 0.0526625
