2 0.289767 0.250943 0.400306 0.0614799
2 0.314793 0.689941 0.456118 0.0608957
2 0.801024 0.616271 0.20294 0.0554571
2 0.804096 0.544211 0.204416 0.0577868
2 0.328669 0.468947 0.474565 0.0548323
2 0.30695 0.394378 0.424328 0.0536483
2 0.306462 0.614286 0.430593 0.0569776
2 0.806235 0.471208 0.202482 0.0565527
2 0.798641 0.688965 0.202757 0.0551846
2 0.294677 0.542229 0.40563 0.0577355
2 0.59863 0.911927 0.137709 0.0612438
2 0.367573 0.910889 0.0850679 0.0625586
3 0.483039 0.97571 0.0690046 0.0350651
2 0.829986 0.910829 0.103032 0.0638443
2 0.810496 0.396295 0.201873 0.0573949
2 0.13845 0.908186 0.097564 0.0620892
2 0.490019 0.753267 0.495294 0.0393052
7 0.270698 0.973159 0.0556151 0.0331234
0 0.699085 0.977015 0.0527153 0.035688
0 0.104565 0.070282 0.0646028 0.0361197
4 0.914041 0.0755843 0.041692 0.0411575
