2 0.869648 0.0794532 0.0860612 0.0454093
2 0.603265 0.901435 0.214599 0.0665165
7 0.272479 0.973924 0.0563636 0.0319135
2 0.370558 0.900048 0.185489 0.0680092
3 0.484804 0.974832 0.0693939 0.0354637
2 0.865527 0.738344 0.0816413 0.0407037
0 0.700342 0.975574 0.058016 0.0347052
4 0.13326 0.0772148 0.0683396 0.0309134
2 0.833036 0.904796 0.140993 0.0655189
2 0.143569 0.898513 0.0935509 0.0714136
8 0.483655 0.0793364 0.647521 0.0469464
2 0.604896 0.890161 0.0847782 0.0397159
2 0.737547 0.149607 0.185126 0.0322934
2 0.725307 0.8093 0.0552481 0.0297167
2 0.373911 0.889756 0.063472 0.0413545
2 0.835206 0.891512 0.0795313 0.0332687
