6 0.296036 0.344995 0.273109 0.0368697
6 0.330082 0.729613 0.339995 0.0375252
6 0.267911 0.401131 0.215791 0.0362606
0 0.093688 0.076441 0.0589531 0.0333702
6 0.347487 0.288641 0.383815 0.0415143
6 0.346785 0.674275 0.377656 0.0347956
6 0.324204 0.511057 0.328374 0.0362409
6 0.325518 0.620103 0.334682 0.0371229
6 0.297313 0.566229 0.274219 0.0374264
6 0.31447 0.455694 0.307786 0.0368524
6 0.371039 0.234007 0.436654 0.0453725
7 0.271102 0.972797 0.0581337 0.0327223
3 0.484721 0.974693 0.0600874 0.0330479
0 0.702725 0.973564 0.057201 0.040914
