1 0.5014 0.224628 0.831323 0.080313
1 0.496089 0.386131 0.818489 0.0441788
1 0.498026 0.316297 0.821438 0.0434032
1 0.49259 0.615232 0.806544 0.0485556
3 0.485264 0.974294 0.0679276 0.0362618
7 0.271002 0.973136 0.0619719 0.0340561
0 0.702841 0.974429 0.0551708 0.0348812
1 0.49531 0.457964 0.817968 0.0555485
2 0.262852 0.751225 0.351701 0.0352337
1 0.834898 0.384998 0.146154 0.0494209
2 0.239211 0.818699 0.314947 0.0371632
0 0.129258 0.0708357 0.0619212 0.0292668
2 0.234748 0.885119 0.312004 0.0344341
1 0.827955 0.613862 0.145725 0.0481112
