6 0.318216 0.688153 0.320854 0.035257
6 0.330559 0.415542 0.340554 0.0374466
6 0.296746 0.246339 0.285202 0.0457686
6 0.345313 0.579747 0.36834 0.0374138
6 0.325698 0.525128 0.328129 0.0377961
6 0.324965 0.742599 0.328057 0.0348752
0 0.0935353 0.0763099 0.0601776 0.0339077
6 0.406329 0.633962 0.492962 0.0363016
6 0.330044 0.47038 0.333548 0.0378023
6 0.348894 0.359778 0.3825 0.0373863
3 0.484743 0.974723 0.0600519 0.0331196
6 0.325834 0.303772 0.338095 0.0396477
7 0.270918 0.972744 0.0578089 0.0327846
0 0.70213 0.972857 0.0561966 0.0416298
