1 0.495403 0.423751 0.823754 0.0595951
1 0.494253 0.520617 0.82412 0.076483
0 0.705011 0.975758 0.0607733 0.0335891
1 0.48947 0.905473 0.821715 0.0479496
1 0.488419 0.676776 0.811431 0.043306
7 0.273353 0.973789 0.0550549 0.0342842
1 0.490032 0.750028 0.810301 0.0579441
1 0.490347 0.608744 0.812276 0.0441646
1 0.495436 0.222233 0.833492 0.0548038
3 0.486671 0.975496 0.0691161 0.0360661
0 0.123713 0.0705988 0.0420235 0.0306734
1 0.497358 0.343205 0.824034 0.0541644
1 0.826479 0.67683 0.143371 0.0494242
2 0.508496 0.0237033 0.203465 0.0469467
