2 0.490924 0.889281 0.796368 0.0727657
3 0.486685 0.974965 0.0662017 0.0374893
2 0.29788 0.261906 0.406465 0.0604991
2 0.34917 0.350828 0.504126 0.0571682
7 0.274198 0.974199 0.0538396 0.0356415
2 0.347968 0.610468 0.506474 0.0576614
0 0.702648 0.975901 0.0581165 0.0407579
2 0.32595 0.439289 0.459046 0.0595793
2 0.33 0.523766 0.467203 0.0583769
2 0.775983 0.783607 0.226991 0.0481132
0 0.128214 0.0711624 0.0657558 0.0361605
2 0.781441 0.441959 0.241752 0.0566542
2 0.145215 0.782108 0.104465 0.0550045
2 0.778298 0.524963 0.233311 0.0521046
2 0.29124 0.78241 0.403807 0.0613639
2 0.294151 0.695557 0.402216 0.0587991
2 0.78468 0.352116 0.248545 0.0540543
