9 0.491245 0.828754 0.913343 0.225334
2 0.608634 0.28546 0.20718 0.0916011
2 0.394224 0.285984 0.205349 0.0931574
2 0.829419 0.184762 0.208113 0.0965099
2 0.612473 0.183976 0.2093 0.0940737
2 0.18091 0.181286 0.207862 0.0963066
2 0.179192 0.285047 0.201961 0.0921498
7 0.274128 0.974052 0.0569565 0.035757
3 0.484299 0.976261 0.0701127 0.0376446
0 0.141154 0.0751334 0.0550685 0.0393133
2 0.825006 0.285714 0.206422 0.0906859
2 0.0869036 0.684773 0.0819598 0.0407785
0 0.701388 0.976824 0.0639794 0.03834
2 0.397201 0.182678 0.205723 0.0952044
2 0.897412 0.687195 0.0833102 0.0415104
2 0.492546 0.683327 0.0586115 0.030272
2 0.761248 0.685298 0.063496 0.0322127
2 0.626568 0.684562 0.0648894 0.0335339
2 0.222264 0.68377 0.0594745 0.0318584
2 0.355952 0.683834 0.0681955 0.0261318
