2 0.490477 0.889566 0.796198 0.0720913
2 0.347537 0.350933 0.501698 0.0568053
3 0.486497 0.974918 0.0677133 0.0378079
2 0.296956 0.261982 0.403996 0.0598984
7 0.274066 0.974221 0.0536471 0.0348492
2 0.348774 0.610602 0.507744 0.0573279
2 0.32566 0.439239 0.455525 0.0586801
0 0.702621 0.976107 0.0571174 0.0401169
2 0.329442 0.523973 0.465621 0.0578907
0 0.127259 0.0711452 0.0646572 0.0360193
2 0.784098 0.352645 0.240536 0.0504939
2 0.775516 0.784011 0.224882 0.0474981
2 0.784892 0.440116 0.239608 0.055105
2 0.786222 0.265589 0.246633 0.0512451
2 0.14514 0.782071 0.104656 0.0547116
2 0.293137 0.782499 0.407495 0.0609195
2 0.294215 0.695641 0.403075 0.0584139
