3 0.48459 0.973996 0.0674076 0.0357025
2 0.508297 0.0210935 0.201856 0.0414209
2 0.184567 0.71364 0.254303 0.0546068
7 0.269928 0.973357 0.0652751 0.0331078
2 0.187412 0.904756 0.268218 0.030531
2 0.921273 0.0740908 0.0745363 0.0376657
2 0.279471 0.399949 0.431182 0.0322313
2 0.304962 0.785279 0.488681 0.0340036
2 0.286325 0.140371 0.452362 0.0586019
2 0.326528 0.844408 0.535037 0.0331372
0 0.701665 0.974937 0.0521709 0.0337782
2 0.266847 0.276595 0.406053 0.0315877
2 0.297821 0.461825 0.46985 0.0322623
2 0.228843 0.338457 0.334288 0.0331609
2 0.178599 0.522092 0.238749 0.0302568
0 0.100673 0.0715708 0.0590694 0.0329382
2 0.358903 0.214407 0.593061 0.033508
2 0.118622 0.582856 0.136103 0.031559
