2 0.273912 0.300351 0.378061 0.0549075
2 0.347077 0.213479 0.555179 0.0629125
2 0.278798 0.511689 0.433797 0.0537019
3 0.487357 0.975146 0.0682063 0.0357101
2 0.314844 0.375929 0.45528 0.0401604
2 0.293865 0.824648 0.466974 0.0330932
2 0.173294 0.884639 0.234165 0.0299557
7 0.27353 0.974465 0.0613754 0.0317826
2 0.262944 0.644117 0.39948 0.0320008
2 0.275527 0.764439 0.430922 0.0340778
2 0.920445 0.0737748 0.0809719 0.0416739
0 0.100033 0.0710949 0.0574466 0.0353147
0 0.705337 0.975825 0.0546028 0.0337575
2 0.224752 0.70374 0.330325 0.0338133
2 0.361049 0.583893 0.599124 0.033518
2 0.507664 0.0209832 0.200504 0.0412639
2 0.111332 0.94191 0.115544 0.0205749
2 0.199309 0.138249 0.269211 0.0356291
2 0.120917 0.212095 0.105325 0.0565428
