1 0.491905 0.843257 0.806449 0.0477528
1 0.500641 0.281248 0.826694 0.0541539
1 0.497626 0.353272 0.827989 0.0537445
1 0.492927 0.634879 0.810448 0.0520926
1 0.488466 0.913934 0.818355 0.0496333
1 0.4974 0.774353 0.798033 0.0513444
0 0.703933 0.976105 0.0626456 0.0325514
7 0.2731 0.973073 0.0541999 0.0335083
1 0.49273 0.56432 0.81735 0.0559515
3 0.486837 0.975685 0.0701946 0.0346397
1 0.495999 0.703933 0.80237 0.0513211
1 0.506592 0.209374 0.81679 0.0511338
1 0.498606 0.423309 0.82675 0.0535254
4 0.893516 0.0739747 0.0314175 0.0404094
0 0.12934 0.071217 0.0666548 0.0373975
2 0.508623 0.0217676 0.202201 0.0429891
1 0.499555 0.493399 0.823117 0.0561113
2 0.244654 0.423759 0.317792 0.0539892
