9 0.489596 0.828147 0.915273 0.226273
8 0.485792 0.547807 0.679553 0.0718031
8 0.481734 0.631761 0.688733 0.0560792
8 0.486497 0.46384 0.689497 0.0789503
2 0.750262 0.0808199 0.222507 0.0593946
2 0.534265 0.150804 0.598531 0.0487505
7 0.277212 0.972788 0.055984 0.0351033
3 0.487447 0.974694 0.0699194 0.037194
2 0.0943439 0.0769444 0.0464077 0.0345388
0 0.704282 0.975195 0.0651072 0.0379391
2 0.760092 0.684509 0.0643978 0.035165
4 0.910206 0.0794075 0.0316969 0.0389946
2 0.62422 0.685357 0.0632027 0.0347043
2 0.500054 0.0216893 0.199488 0.0431038
