2 0.370783 0.517544 0.46391 0.0418066
2 0.281265 0.453246 0.308912 0.047757
2 0.528887 0.297891 0.591324 0.0527638
2 0.298318 0.382274 0.34556 0.0563584
2 0.33304 0.689908 0.399896 0.0373646
7 0.274889 0.974129 0.0574654 0.0327707
3 0.487538 0.976314 0.0756615 0.0358799
0 0.703876 0.976406 0.0692323 0.0361519
2 0.794839 0.900577 0.150828 0.067761
2 0.831402 0.817468 0.142968 0.0654251
2 0.180119 0.898626 0.161393 0.0683559
2 0.470477 0.574399 0.66387 0.0435162
2 0.871313 0.0793934 0.0871257 0.0471214
2 0.487103 0.902631 0.167478 0.0654727
2 0.413272 0.630642 0.560125 0.0415148
2 0.501276 0.0227206 0.199677 0.0449156
2 0.826304 0.808276 0.0558702 0.0334898
6 0.333449 0.689864 0.404429 0.0381487
