1 0.503819 0.315424 0.796823 0.0635881
0 0.702649 0.975392 0.0588255 0.0308666
7 0.273334 0.973065 0.0470727 0.0297322
1 0.500217 0.920513 0.789044 0.0528189
1 0.499118 0.402405 0.800559 0.0625419
3 0.487378 0.97425 0.0660064 0.0327507
1 0.490919 0.748035 0.807023 0.0711574
1 0.493381 0.837302 0.798558 0.0562828
1 0.824232 0.578574 0.152482 0.0551669
1 0.826557 0.49138 0.152089 0.0554533
0 0.123205 0.0706792 0.0464389 0.0335471
1 0.822783 0.664197 0.15221 0.0531566
2 0.147222 0.922355 0.110892 0.0568035
1 0.490688 0.664092 0.813175 0.0595013
2 0.296479 0.205679 0.385463 0.0406051
1 0.49238 0.577127 0.810421 0.0626139
2 0.507226 0.0217141 0.203296 0.0423071
