1 0.489237 0.465049 0.808544 0.0399905
2 0.490087 0.888954 0.79674 0.0662876
1 0.493941 0.400923 0.810513 0.0359132
1 0.491424 0.529048 0.817569 0.0360496
2 0.892957 0.0800462 0.0765273 0.0422982
1 0.496614 0.335413 0.811986 0.0372502
3 0.487828 0.973911 0.0732245 0.0384181
1 0.500733 0.270638 0.82967 0.035831
7 0.273095 0.973353 0.0679281 0.0366745
0 0.70368 0.97493 0.0635527 0.04351
2 0.508007 0.0217741 0.205095 0.0432097
0 0.130257 0.0760756 0.0553303 0.0405952
2 0.218052 0.464348 0.260146 0.0395906
