9 0.491783 0.827543 0.913856 0.228541
2 0.504776 0.541165 0.86045 0.0581627
2 0.505521 0.466572 0.856941 0.0555609
2 0.342915 0.271599 0.52336 0.0557046
2 0.0873224 0.684131 0.0811785 0.042529
7 0.277429 0.973425 0.0555325 0.0347892
3 0.487046 0.975824 0.0702803 0.0373413
2 0.897877 0.686285 0.0853276 0.0438615
2 0.625772 0.68503 0.077089 0.0351745
2 0.357366 0.683304 0.0819699 0.0281653
0 0.111383 0.0716313 0.0514402 0.0320283
2 0.223315 0.682114 0.0690789 0.0327915
0 0.705108 0.976375 0.065074 0.0382797
2 0.505637 0.391032 0.862798 0.0599405
2 0.7607 0.684185 0.0671287 0.0341554
2 0.49936 0.612154 0.861593 0.0622114
2 0.487613 0.192015 0.805064 0.0583414
2 0.491998 0.683577 0.0802265 0.0301567
2 0.507299 0.0213013 0.200248 0.0417328
