2 0.485443 0.891386 0.792992 0.0705803
3 0.486905 0.975211 0.0693704 0.0374506
7 0.273522 0.9741 0.0528946 0.034754
2 0.320266 0.729296 0.454185 0.0597379
2 0.770501 0.731699 0.241985 0.053471
0 0.703329 0.975836 0.0558469 0.0398327
2 0.300694 0.213179 0.398321 0.0504089
2 0.321371 0.294786 0.447202 0.0586763
2 0.34094 0.642391 0.494922 0.0572908
0 0.127718 0.0715688 0.0650223 0.0364682
2 0.144992 0.813929 0.110086 0.0562995
2 0.315152 0.382055 0.417719 0.0578021
2 0.294249 0.556509 0.400505 0.0580677
2 0.297408 0.470628 0.405859 0.0591559
2 0.320238 0.813345 0.460031 0.0611553
