1 0.493143 0.439323 0.813722 0.0465267
2 0.493363 0.504246 0.815364 0.04503
2 0.488957 0.567283 0.811394 0.0429775
2 0.493772 0.28227 0.816901 0.0775652
1 0.486803 0.705142 0.814705 0.0424801
7 0.273311 0.973789 0.0547435 0.0335622
1 0.489987 0.77273 0.81243 0.0485758
0 0.704003 0.975914 0.0588001 0.0329952
1 0.492999 0.907191 0.820032 0.0466858
3 0.486806 0.975374 0.0680808 0.0364973
0 0.119834 0.0713877 0.0604214 0.0324492
2 0.500918 0.0221071 0.200122 0.0435461
2 0.23187 0.386081 0.292558 0.0291943
