1 0.491504 0.565556 0.887048 0.0661428
1 0.494146 0.480336 0.887784 0.0698071
1 0.494217 0.379673 0.892574 0.0915036
1 0.491127 0.639272 0.879757 0.0527723
2 0.227632 0.715396 0.348475 0.0579832
2 0.357871 0.882692 0.602125 0.0364338
2 0.50166 0.0214057 0.199828 0.0424908
7 0.271608 0.973752 0.0498509 0.0323669
2 0.374238 0.805842 0.64828 0.0630083
0 0.700828 0.975127 0.0501844 0.0378559
2 0.149548 0.150913 0.194785 0.0339226
0 0.0936609 0.0766703 0.0607869 0.0336148
3 0.484129 0.975374 0.0620021 0.0352773
2 0.175671 0.217246 0.242498 0.0349056
