2 0.259008 0.255895 0.350319 0.0591838
2 0.365411 0.649651 0.592869 0.0544523
2 0.389011 0.484096 0.644761 0.0554909
2 0.376293 0.815112 0.61303 0.0561233
2 0.430671 0.732362 0.725261 0.0545884
2 0.407292 0.567496 0.674577 0.055329
2 0.35326 0.899136 0.575129 0.0594127
4 0.87471 0.400366 0.0295246 0.0383143
0 0.0937026 0.075211 0.0645902 0.0364833
4 0.866286 0.734719 0.0250779 0.0336942
4 0.872824 0.484534 0.0263226 0.0346058
4 0.870437 0.568238 0.0262335 0.0346956
4 0.865841 0.817292 0.0277051 0.0368664
2 0.387981 0.399701 0.644182 0.0591445
4 0.867869 0.651153 0.0237796 0.0343332
4 0.865164 0.90114 0.032566 0.0421017
2 0.500414 0.0227087 0.202507 0.0449987
2 0.904148 0.0204066 0.0745595 0.0329192
