1 0.490123 0.863571 0.804622 0.0466709
1 0.492566 0.793283 0.80603 0.0493247
1 0.502281 0.408 0.824851 0.0527746
0 0.702438 0.977023 0.0599181 0.0310257
3 0.484433 0.975608 0.065968 0.0338303
7 0.270794 0.973745 0.0495209 0.0311996
1 0.52291 0.191616 0.78705 0.0549212
1 0.84052 0.336503 0.148826 0.053766
1 0.547758 0.334791 0.746162 0.0581724
1 0.83822 0.408288 0.147062 0.052975
4 0.894976 0.07386 0.034617 0.0382977
1 0.491266 0.58258 0.82824 0.0526963
2 0.508069 0.0217176 0.201242 0.0431456
1 0.51579 0.263326 0.807606 0.0489657
0 0.128479 0.0711062 0.0635842 0.0368477
2 0.263182 0.793167 0.354197 0.0533211
1 0.495084 0.477962 0.844078 0.0546314
1 0.498026 0.722099 0.802155 0.0516561
2 0.308742 0.654918 0.410096 0.0453547
1 0.845233 0.264684 0.151328 0.0552017
2 0.305033 0.722558 0.405302 0.0487062
1 0.498689 0.654947 0.798172 0.0483801
