2 0.377048 0.546464 0.363264 0.0507976
2 0.364461 0.288006 0.345598 0.053598
2 0.398702 0.736906 0.411781 0.0494663
2 0.377083 0.353572 0.367377 0.0528255
2 0.373022 0.482062 0.35696 0.051791
2 0.393068 0.672397 0.399024 0.0490091
2 0.321595 0.609218 0.25666 0.0499655
2 0.392122 0.419293 0.395945 0.0508929
2 0.796947 0.901398 0.15355 0.06549
2 0.488675 0.900424 0.158616 0.0643123
2 0.871315 0.0795499 0.0874667 0.0474951
7 0.274892 0.97365 0.0530016 0.0334699
2 0.873198 0.156134 0.063369 0.0321676
2 0.248292 0.221929 0.107979 0.0576775
2 0.184319 0.902786 0.156636 0.064919
4 0.747929 0.0786844 0.0316562 0.0392189
3 0.486821 0.97665 0.0728229 0.037304
2 0.757737 0.155768 0.0724533 0.0322745
0 0.704372 0.977098 0.0588702 0.03315
2 0.297203 0.800058 0.218519 0.0533737
8 0.407366 0.0764088 0.659106 0.064001
2 0.830801 0.812079 0.14235 0.0727627
2 0.499316 0.02206 0.199224 0.0435585
2 0.370571 0.222036 0.364416 0.0564175
6 0.377597 0.482101 0.36979 0.0519144
