2 0.597275 0.72088 0.153036 0.100833
2 0.608456 0.17427 0.174731 0.10223
2 0.817167 0.464103 0.173777 0.11061
2 0.172836 0.32745 0.201745 0.102459
2 0.605329 0.458644 0.160578 0.10224
2 0.60656 0.33108 0.195675 0.0945296
2 0.814688 0.728458 0.177692 0.115874
2 0.171171 0.171151 0.158269 0.105775
2 0.391676 0.17106 0.19739 0.107948
2 0.82167 0.325158 0.175867 0.101685
2 0.602921 0.588971 0.169316 0.100119
2 0.388598 0.458817 0.165416 0.10077
2 0.597774 0.839476 0.160035 0.0819712
2 0.385892 0.590168 0.152772 0.101512
2 0.168514 0.838485 0.161103 0.081872
2 0.391285 0.331174 0.143285 0.0975387
2 0.829923 0.171356 0.163265 0.104698
2 0.384481 0.72482 0.135568 0.0910247
2 0.820685 0.596961 0.145736 0.0926184
7 0.275112 0.97408 0.0632955 0.0353069
2 0.816047 0.840144 0.168797 0.0804802
2 0.170508 0.46481 0.159597 0.121265
2 0.167069 0.73212 0.154019 0.109241
2 0.383616 0.839246 0.155369 0.0775124
3 0.488811 0.975542 0.0708712 0.0386822
2 0.168634 0.596675 0.184747 0.119315
2 0.890141 0.0720107 0.0573083 0.0341983
0 0.706125 0.975134 0.0636539 0.0400257
2 0.50595 0.0228352 0.202669 0.0448617
8 0.49006 0.912754 0.772201 0.0491789
