2 0.466411 0.259536 0.659252 0.0565978
2 0.47237 0.34095 0.677466 0.0558426
2 0.499762 0.662419 0.725965 0.0537687
2 0.459182 0.581761 0.645008 0.0534794
2 0.870496 0.0807695 0.0813531 0.0483072
2 0.462104 0.501984 0.653132 0.0535057
2 0.510986 0.42164 0.754065 0.0531543
2 0.457193 0.740369 0.647501 0.0566023
7 0.271879 0.973332 0.056258 0.0323589
2 0.833682 0.904375 0.132525 0.0687565
2 0.142036 0.902964 0.0927543 0.0663208
4 0.133611 0.0770555 0.0682505 0.0321458
3 0.484003 0.974369 0.0699914 0.0350048
0 0.700417 0.97517 0.0611992 0.0332596
4 0.907722 0.256986 0.024095 0.0308015
4 0.901094 0.420501 0.0243136 0.030079
2 0.601956 0.901062 0.185775 0.0688042
2 0.303756 0.183496 0.477969 0.0401546
4 0.905021 0.339011 0.0234597 0.0300989
4 0.895079 0.661868 0.0259548 0.0340829
4 0.899238 0.501703 0.0235804 0.0295092
2 0.499702 0.0212694 0.20027 0.0420131
4 0.898631 0.582472 0.0232254 0.0302965
2 0.86403 0.738175 0.0810271 0.0405586
2 0.367342 0.89095 0.118131 0.0349337
2 0.455969 0.823153 0.657893 0.063411
8 0.48787 0.0770934 0.678125 0.0614486
2 0.837192 0.0222983 0.0451615 0.020295
2 0.899611 0.0208109 0.0709599 0.0254477
