2 0.419271 0.290274 0.684777 0.0512864
2 0.83536 0.902913 0.15858 0.0704464
2 0.870248 0.0801025 0.0796606 0.0462102
2 0.422477 0.372662 0.690458 0.0505895
2 0.371701 0.900781 0.182098 0.0655594
2 0.603574 0.902201 0.21203 0.0654463
4 0.906997 0.28717 0.0248067 0.0342203
2 0.389826 0.454107 0.626514 0.0603402
2 0.864642 0.739857 0.0937899 0.0488199
7 0.272031 0.973673 0.0571795 0.0333012
3 0.48444 0.974817 0.0644373 0.0346554
2 0.14193 0.900555 0.087587 0.069256
0 0.70003 0.975755 0.0569548 0.0335523
4 0.900686 0.45053 0.0276015 0.0339483
4 0.133768 0.0772052 0.0667472 0.0302601
4 0.902691 0.369065 0.0246342 0.0300004
2 0.500982 0.0216258 0.198036 0.0426342
8 0.483901 0.0773659 0.664393 0.0509649
