1 0.491514 0.781271 0.81178 0.0504625
1 0.490622 0.85178 0.802974 0.0462178
1 0.488585 0.92042 0.811878 0.0443054
1 0.495686 0.572289 0.826863 0.0526592
1 0.5058 0.217558 0.809255 0.0509377
7 0.273537 0.973194 0.0503651 0.0320816
1 0.49544 0.501802 0.820526 0.0550091
3 0.486985 0.975558 0.0672043 0.0344721
0 0.704116 0.97658 0.0603713 0.0318069
1 0.495344 0.64058 0.817469 0.0535994
1 0.504549 0.28854 0.812915 0.0528354
4 0.89401 0.074188 0.0311825 0.0382282
1 0.495119 0.710195 0.815532 0.0546756
0 0.128356 0.0712963 0.0665394 0.0356512
2 0.508292 0.0215306 0.201161 0.0427079
1 0.500682 0.429951 0.819159 0.05288
1 0.502658 0.359137 0.815718 0.0533088
6 0.49824 0.430113 0.81869 0.0531691
2 0.242961 0.641679 0.316428 0.052797
2 0.270781 0.43048 0.35775 0.0529241
