2 0.319492 0.642772 0.424635 0.0440471
2 0.270126 0.396712 0.318331 0.0533023
2 0.340587 0.314401 0.473196 0.0503805
2 0.270023 0.478485 0.32127 0.0490948
2 0.303591 0.725625 0.384989 0.0450566
2 0.207606 0.805503 0.202135 0.0359724
2 0.858388 0.075106 0.0842023 0.0457821
2 0.603424 0.910827 0.132376 0.0633419
2 0.219366 0.561392 0.219246 0.0399474
2 0.375039 0.134899 0.134767 0.0267699
3 0.484079 0.975691 0.068067 0.0333851
2 0.750605 0.0725586 0.0676788 0.0401379
2 0.835045 0.909701 0.101891 0.0641025
2 0.374008 0.910205 0.123234 0.0609958
2 0.338825 0.22833 0.466605 0.05158
2 0.14235 0.911905 0.101569 0.0622375
7 0.272085 0.97407 0.0560192 0.0327036
0 0.700775 0.976433 0.0524558 0.0335117
2 0.815585 0.13576 0.191163 0.0269755
2 0.581403 0.135752 0.156914 0.0267027
2 0.164286 0.133815 0.175015 0.0301583
