1 0.503105 0.224567 0.834081 0.0833244
1 0.494945 0.386254 0.817153 0.0448647
1 0.490245 0.616842 0.810158 0.043334
1 0.497868 0.315848 0.821796 0.0447044
3 0.484194 0.975815 0.0632159 0.0343556
7 0.272266 0.973668 0.0516388 0.0333523
2 0.277296 0.910084 0.386604 0.0303145
0 0.70167 0.976333 0.0488305 0.0363095
1 0.495185 0.458658 0.816032 0.0562822
0 0.131157 0.0710463 0.0646841 0.0305213
2 0.493964 0.843785 0.813198 0.0362631
1 0.834827 0.385522 0.147622 0.0510182
2 0.303096 0.684174 0.428367 0.0322716
