6 0.278374 0.251521 0.245771 0.0449608
6 0.296812 0.638515 0.273117 0.0361914
6 0.346984 0.363869 0.377718 0.0366417
6 0.324353 0.692115 0.330019 0.0357966
6 0.316097 0.528785 0.308346 0.0376068
0 0.0935889 0.0762015 0.0602823 0.0339849
6 0.350586 0.745939 0.38325 0.0346361
6 0.323989 0.584048 0.32767 0.0363632
6 0.368941 0.308343 0.426069 0.038656
6 0.26665 0.474195 0.210058 0.0374222
6 0.296065 0.41957 0.269306 0.0374319
3 0.484882 0.974731 0.0592466 0.0333881
7 0.270834 0.972751 0.0590788 0.0332605
0 0.701743 0.973238 0.0560442 0.0408232
