6 0.285056 0.246359 0.260199 0.0464204
6 0.311026 0.688172 0.303017 0.035026
6 0.284645 0.415119 0.246633 0.0384331
6 0.276352 0.578878 0.230772 0.0380653
6 0.262941 0.524925 0.204185 0.0370405
0 0.093664 0.0764101 0.0605929 0.0340219
6 0.292854 0.633743 0.266563 0.0369778
6 0.335332 0.360232 0.350427 0.0388573
6 0.311007 0.742263 0.30116 0.0343811
7 0.271201 0.972826 0.0575759 0.0329042
6 0.402729 0.304429 0.495275 0.0397498
6 0.306116 0.470389 0.285419 0.0381348
3 0.484825 0.974334 0.0591821 0.032095
0 0.702008 0.972936 0.0554618 0.041543
