6 0.350928 0.656268 0.380496 0.0357698
6 0.280051 0.60161 0.240573 0.0358316
6 0.311823 0.327115 0.305543 0.0388007
6 0.2906 0.215216 0.273638 0.0432137
6 0.302381 0.710458 0.285498 0.0350061
6 0.301911 0.547558 0.280798 0.0376881
0 0.0935208 0.0762587 0.0599377 0.0335737
6 0.291277 0.492602 0.259668 0.0375755
6 0.293942 0.271497 0.277545 0.0409946
6 0.317671 0.764008 0.316909 0.0331516
6 0.317037 0.43795 0.313329 0.0351914
6 0.389265 0.382413 0.459752 0.0370578
3 0.484597 0.975203 0.058703 0.0326349
7 0.270912 0.97353 0.0566669 0.0326248
0 0.702791 0.974342 0.0596688 0.0408982
