6 0.370066 0.327143 0.424285 0.0365655
6 0.274003 0.437128 0.228831 0.0362139
0 0.0937555 0.076185 0.058905 0.0337093
6 0.282697 0.600999 0.252406 0.0369713
6 0.29615 0.38307 0.273308 0.0379098
6 0.338144 0.215805 0.368152 0.0431741
6 0.309481 0.65682 0.300893 0.0367245
6 0.301745 0.492464 0.284245 0.0381887
6 0.323609 0.271079 0.334021 0.0425939
6 0.269376 0.710003 0.222488 0.035902
6 0.323135 0.547736 0.325022 0.0373335
3 0.485235 0.974551 0.0601551 0.0331768
7 0.271524 0.972636 0.0575473 0.033892
0 0.702934 0.973123 0.0592671 0.0413612
6 0.318808 0.763702 0.321624 0.03407
