9 0.491429 0.827458 0.917679 0.22988
2 0.493848 0.514204 0.697716 0.0559284
3 0.486322 0.975721 0.0700314 0.0372939
7 0.276095 0.973709 0.0552697 0.0342689
8 0.501307 0.29089 0.706328 0.058767
2 0.897907 0.686393 0.0862105 0.0446049
2 0.506947 0.0227041 0.203849 0.0436631
2 0.626779 0.685446 0.0664722 0.034589
2 0.0884316 0.684997 0.0795582 0.0407677
2 0.76245 0.684699 0.0739709 0.0385416
2 0.49275 0.683331 0.0619376 0.0309809
0 0.703839 0.976427 0.064913 0.0383564
2 0.223388 0.683793 0.0656058 0.0334467
2 0.357749 0.683156 0.0729396 0.0285027
