1 0.495942 0.201693 0.831905 0.0652492
1 0.487406 0.688775 0.812696 0.0449755
1 0.49541 0.299922 0.833845 0.076718
1 0.487992 0.459565 0.8131 0.0438593
1 0.489882 0.39027 0.817866 0.0458906
3 0.484153 0.975355 0.0633361 0.0340134
7 0.271066 0.973793 0.0511884 0.0324633
1 0.489302 0.530926 0.810042 0.0562113
0 0.702044 0.976553 0.0533933 0.032339
0 0.122342 0.0716677 0.0606984 0.0298524
1 0.829133 0.457867 0.144939 0.0495257
2 0.300782 0.755098 0.435197 0.0310745
1 0.830147 0.388882 0.148682 0.0538964
1 0.490501 0.120933 0.851862 0.0520512
