2 0.722263 0.0806513 0.10865 0.0616984
2 0.658185 0.182119 0.130793 0.07348
2 0.347365 0.179734 0.134887 0.073512
3 0.483314 0.975923 0.0640221 0.0346985
2 0.654028 0.273177 0.133127 0.0766714
0 0.698544 0.977237 0.0568895 0.0363735
8 0.336526 0.0770964 0.514458 0.0653845
2 0.3471 0.271506 0.131991 0.0732214
7 0.270707 0.974159 0.0560348 0.0321972
2 0.192038 0.17843 0.133895 0.072901
2 0.191818 0.271727 0.130584 0.0773273
2 0.81436 0.180281 0.135303 0.0745653
2 0.18707 0.455865 0.138006 0.113426
2 0.875568 0.0820726 0.104835 0.0593366
2 0.812126 0.452908 0.137763 0.102646
2 0.500104 0.458773 0.132447 0.116833
4 0.875681 0.0819638 0.103902 0.0592289
2 0.655648 0.451038 0.132748 0.102627
2 0.50019 0.27072 0.132074 0.0752525
2 0.510984 0.0218725 0.200398 0.0430783
8 0.492339 0.586026 0.808925 0.056503
2 0.343677 0.450942 0.129686 0.106411
