1 0.502319 0.62038 0.812723 0.0497822
1 0.495867 0.828541 0.798996 0.0506512
1 0.504227 0.900239 0.782 0.0500595
7 0.274266 0.973366 0.056241 0.032474
1 0.505631 0.265333 0.811297 0.0527664
0 0.70508 0.975785 0.0591379 0.0339128
3 0.486447 0.97559 0.0684691 0.0351507
2 0.233315 0.548909 0.288566 0.0530176
1 0.497602 0.68882 0.80779 0.0489311
1 0.529033 0.194305 0.75443 0.0484606
1 0.495392 0.47897 0.808253 0.0531507
1 0.503859 0.337302 0.824784 0.0561836
4 0.893857 0.0742253 0.0314508 0.0390691
1 0.502264 0.407525 0.810846 0.0514995
2 0.508455 0.021884 0.202615 0.0432988
0 0.12918 0.0713417 0.0673243 0.0369516
1 0.495111 0.75896 0.806418 0.0489394
2 0.259301 0.758554 0.327155 0.0476351
1 0.494745 0.550279 0.82411 0.0499347
6 0.498914 0.408555 0.820264 0.0508957
2 0.290086 0.827016 0.382433 0.0549007
2 0.22736 0.408542 0.244037 0.045443
