6 0.314015 0.688221 0.308827 0.0355589
6 0.292086 0.246444 0.277248 0.0472549
6 0.287272 0.415682 0.253052 0.0372695
6 0.328805 0.63399 0.337951 0.0358924
6 0.341653 0.579489 0.360592 0.0369394
6 0.327134 0.525624 0.33156 0.0367344
6 0.302119 0.741763 0.282214 0.0339843
6 0.389691 0.470776 0.454703 0.0366213
0 0.0936203 0.076276 0.0607424 0.0342493
6 0.28517 0.304035 0.25556 0.0398683
6 0.365739 0.359833 0.41318 0.0383199
7 0.27107 0.97287 0.0579552 0.0321686
0 0.702453 0.973064 0.0559704 0.0406818
3 0.484642 0.97441 0.0591014 0.0319557
