1 0.493317 0.48692 0.810367 0.0499704
1 0.49786 0.254083 0.821643 0.0456488
1 0.501548 0.182904 0.830315 0.0495228
3 0.484657 0.97416 0.0661979 0.0354751
7 0.271595 0.972854 0.0558866 0.0337464
2 0.402843 0.87739 0.642062 0.0523871
0 0.702763 0.975008 0.0538095 0.0377018
2 0.266616 0.623527 0.345485 0.0310867
1 0.499634 0.328892 0.82459 0.0595559
2 0.240421 0.690153 0.309527 0.0333542
2 0.237069 0.758709 0.30478 0.035888
0 0.127772 0.0712717 0.0592881 0.0307491
2 0.201214 0.555227 0.233438 0.0356573
2 0.507249 0.0219327 0.201583 0.0436293
1 0.83131 0.486267 0.15421 0.0520243
