2 0.296815 0.548548 0.308805 0.0395421
2 0.533722 0.297293 0.589038 0.0502007
2 0.377761 0.432343 0.466353 0.0381821
2 0.40657 0.491082 0.536016 0.0426477
3 0.484609 0.975286 0.0657346 0.0355897
2 0.279854 0.663202 0.276402 0.0409092
2 0.333111 0.893126 0.400924 0.0374739
7 0.271149 0.974446 0.0634502 0.0323285
2 0.286943 0.720366 0.293287 0.037455
2 0.432927 0.375668 0.581512 0.0414723
0 0.702937 0.974774 0.0563919 0.0388694
2 0.472068 0.778154 0.679625 0.0464691
2 0.278953 0.60586 0.279246 0.0377793
1 0.278637 0.606042 0.279294 0.0375078
2 0.502011 0.0212218 0.201587 0.0421329
2 0.313076 0.834708 0.355663 0.0365507
