1 0.489396 0.719909 0.82693 0.106706
2 0.350344 0.61038 0.553857 0.0627742
2 0.401971 0.341973 0.657625 0.0601349
2 0.420811 0.249881 0.692546 0.0622743
2 0.225653 0.431412 0.30594 0.0594839
3 0.484934 0.974779 0.064074 0.0354715
2 0.422109 0.52182 0.696463 0.0591089
7 0.272319 0.973743 0.0500322 0.0312286
0 0.09494 0.0715699 0.060103 0.034816
0 0.702215 0.97563 0.0540796 0.0361325
2 0.397381 0.832945 0.653103 0.063372
2 0.350427 0.158675 0.549076 0.0654828
2 0.501478 0.0210057 0.200849 0.041755
1 0.832805 0.719772 0.162249 0.0576285
