7 0.275687 0.97422 0.062617 0.032462
2 0.226849 0.85964 0.12804 0.0702919
2 0.489741 0.860836 0.164731 0.0896019
2 0.848335 0.761517 0.0966245 0.0276605
0 0.705517 0.975544 0.0622049 0.0389941
2 0.848619 0.691739 0.0931805 0.0463207
2 0.747075 0.0819912 0.0624418 0.0343871
2 0.102974 0.0791412 0.0581836 0.0392748
3 0.489707 0.974922 0.0658075 0.0339382
4 0.907762 0.0815517 0.0700771 0.0425541
2 0.263748 0.0806213 0.0608667 0.0361304
2 0.583459 0.0812779 0.0675195 0.0369979
2 0.138961 0.687926 0.0822269 0.0478404
2 0.424566 0.0809827 0.0593676 0.0364961
2 0.422073 0.688591 0.0831437 0.0418963
2 0.663424 0.761827 0.189543 0.0221215
2 0.279873 0.687768 0.0844731 0.0438647
2 0.563602 0.689952 0.0793922 0.0433773
