2 0.603092 0.910538 0.134295 0.0659695
2 0.858119 0.075033 0.0844766 0.0465676
2 0.750427 0.0724868 0.0691682 0.0403062
2 0.835247 0.90981 0.100534 0.0659355
2 0.368064 0.91095 0.118123 0.0665668
2 0.581063 0.136741 0.162305 0.0281135
2 0.815155 0.135657 0.196252 0.02827
7 0.272882 0.973782 0.0547688 0.0336472
3 0.484279 0.975841 0.0694429 0.0344509
2 0.142339 0.912597 0.0922011 0.0622162
2 0.374833 0.135437 0.142803 0.028556
2 0.163748 0.134335 0.177907 0.027495
0 0.700991 0.976397 0.0533088 0.034196
2 0.501055 0.0233214 0.209171 0.0462774
