2 0.871184 0.0796103 0.0837284 0.0445413
2 0.75831 0.155267 0.0696465 0.029733
2 0.488424 0.899597 0.161827 0.0739283
2 0.177909 0.896546 0.161582 0.0693713
7 0.275207 0.974041 0.0553669 0.0347311
2 0.871946 0.156253 0.0609076 0.02917
3 0.486251 0.977193 0.0763615 0.0382884
2 0.795741 0.889826 0.0597765 0.0364117
2 0.827246 0.808651 0.0607981 0.0303314
0 0.703542 0.97719 0.0608016 0.0336826
2 0.499671 0.0218892 0.198924 0.0432403
2 0.832566 0.817599 0.144754 0.0626754
2 0.796587 0.901476 0.155665 0.0649607
8 0.451301 0.0758056 0.737137 0.0578202
2 0.181571 0.887189 0.0542503 0.0352363
