2 0.485316 0.891497 0.794633 0.0718002
3 0.486892 0.975114 0.0695492 0.0375141
2 0.330611 0.37803 0.466054 0.056746
2 0.325049 0.292123 0.454511 0.0556222
7 0.27392 0.974296 0.0543576 0.0354198
2 0.351809 0.46629 0.508523 0.0557865
0 0.703277 0.975818 0.0565681 0.0398407
2 0.290309 0.811194 0.398712 0.0616286
0 0.127324 0.0711588 0.0650233 0.0360266
2 0.780249 0.467872 0.236401 0.0527922
2 0.295585 0.637171 0.406697 0.0594376
2 0.779413 0.379797 0.246189 0.0508003
2 0.297733 0.5513 0.407128 0.0587924
