2 0.304966 0.578316 0.359625 0.0528523
2 0.682097 0.580316 0.360031 0.0714103
2 0.896282 0.0764623 0.0923762 0.0504108
2 0.789556 0.0763327 0.070955 0.0389047
3 0.487089 0.976376 0.0651347 0.0350918
0 0.700723 0.977703 0.0565923 0.0350767
2 0.394155 0.13698 0.227407 0.0321241
7 0.273696 0.975179 0.0559035 0.0303985
2 0.222313 0.909283 0.0959721 0.0606268
2 0.507364 0.0228561 0.208942 0.0448265
2 0.149171 0.137039 0.193883 0.0335639
2 0.490082 0.911665 0.129361 0.06087
8 0.403753 0.0743537 0.627698 0.0409981
2 0.839157 0.14172 0.268808 0.0321608
2 0.606231 0.138815 0.122021 0.0322956
