2 0.49794 0.37058 0.18783 0.108658
2 0.235461 0.372639 0.141654 0.103916
7 0.274646 0.974406 0.0646875 0.0337452
2 0.756357 0.508619 0.174006 0.10754
2 0.236473 0.234374 0.14098 0.10984
2 0.493223 0.641007 0.134527 0.103423
2 0.760539 0.375509 0.166856 0.106892
2 0.765419 0.236135 0.154987 0.111265
2 0.50549 0.507571 0.171731 0.103241
2 0.753764 0.640263 0.136174 0.105919
2 0.499218 0.236765 0.175771 0.107439
0 0.707059 0.97525 0.0673421 0.0390125
3 0.489668 0.975371 0.0698128 0.0366166
2 0.248648 0.508167 0.164741 0.104554
2 0.828295 0.0809293 0.0721882 0.0446613
2 0.345946 0.759376 0.131771 0.0227533
2 0.242738 0.639658 0.165321 0.107676
2 0.180917 0.759038 0.122691 0.0225439
2 0.69715 0.081266 0.0783098 0.0431927
2 0.49336 0.760518 0.0934533 0.0317348
