1 0.48783 0.837454 0.813135 0.0426796
2 0.496833 0.433641 0.819676 0.0417524
1 0.489811 0.90221 0.817773 0.0433984
2 0.49361 0.496065 0.813617 0.0410778
1 0.491584 0.636045 0.812603 0.0421859
2 0.502028 0.209999 0.827066 0.0777349
1 0.498165 0.368831 0.817936 0.0463494
7 0.273492 0.972419 0.0550357 0.0347224
0 0.70503 0.974837 0.0584577 0.033855
1 0.491597 0.70377 0.810108 0.0448885
3 0.487 0.974171 0.0663633 0.0354885
2 0.509417 0.021398 0.204125 0.0424544
0 0.12923 0.0705626 0.068968 0.0342383
2 0.235917 0.314716 0.284681 0.0279484
