1 0.492975 0.791092 0.809089 0.0490031
1 0.494837 0.719051 0.816629 0.0524662
1 0.497584 0.857337 0.795893 0.0467859
1 0.556398 0.186402 0.721207 0.0467112
0 0.704294 0.977043 0.0623122 0.0318466
7 0.272858 0.973389 0.050982 0.0315096
3 0.487161 0.975547 0.0679922 0.0346577
1 0.493175 0.927285 0.805307 0.0431214
1 0.496032 0.578029 0.808163 0.0543734
0 0.12827 0.0708126 0.0636023 0.0375685
2 0.270956 0.648681 0.357343 0.0530059
1 0.49735 0.508538 0.810567 0.0552405
4 0.894803 0.0740851 0.0349381 0.0382968
2 0.508099 0.0220296 0.199064 0.0433411
1 0.494381 0.6479 0.816347 0.0540436
1 0.502496 0.4376 0.804174 0.052646
1 0.850474 0.186278 0.157573 0.0548622
6 0.502879 0.436541 0.811736 0.0539005
