0 0.703895 0.976348 0.0579633 0.0347601
7 0.27411 0.973756 0.0563673 0.035801
1 0.511816 0.904016 0.816944 0.0508171
3 0.486838 0.975661 0.0678737 0.0363897
1 0.524938 0.224788 0.821244 0.0630795
1 0.514842 0.675981 0.803951 0.038782
1 0.516682 0.515897 0.810988 0.0513454
1 0.514551 0.60631 0.801419 0.0528975
1 0.517968 0.419037 0.811298 0.0575552
2 0.50941 0.0232271 0.20423 0.0459165
0 0.157631 0.0691329 0.0715128 0.030254
1 0.850114 0.676658 0.139582 0.0470322
1 0.522716 0.341823 0.810076 0.0664701
