9 0.489634 0.827184 0.915491 0.22903
7 0.273771 0.973757 0.0562112 0.0344143
0 0.0942698 0.0766483 0.0536845 0.0324494
2 0.245957 0.516365 0.365441 0.0594044
3 0.484304 0.975717 0.0699379 0.0375689
2 0.895632 0.685519 0.0855713 0.0451123
2 0.624869 0.684407 0.0667939 0.0412892
2 0.759861 0.683572 0.0682564 0.0402818
0 0.702202 0.976582 0.064429 0.0379656
2 0.247181 0.251549 0.370243 0.0579201
2 0.489734 0.684121 0.0633433 0.0331814
2 0.24436 0.383641 0.360755 0.0590019
2 0.352776 0.684175 0.0745338 0.0274517
2 0.501217 0.0217406 0.201897 0.0427379
