2 0.514904 0.134329 0.273389 0.0349695
2 0.641793 0.320224 0.535398 0.0429456
2 0.594156 0.193678 0.444332 0.0436888
3 0.487095 0.974827 0.0634257 0.0338175
2 0.543261 0.49766 0.356808 0.0380705
2 0.5027 0.260223 0.250837 0.0371336
2 0.493046 0.672809 0.25386 0.033654
2 0.557033 0.902841 0.395408 0.0379828
2 0.603651 0.726285 0.487635 0.037486
2 0.519006 0.386018 0.284034 0.0379489
2 0.585653 0.618576 0.43431 0.0358619
2 0.540082 0.563479 0.337567 0.0360386
2 0.778199 0.0770325 0.0632145 0.0350884
2 0.536333 0.848848 0.343605 0.0365288
7 0.273993 0.974203 0.0576734 0.0328751
2 0.501857 0.441637 0.256331 0.034407
0 0.704103 0.975225 0.0493288 0.0367385
1 0.632327 0.783862 0.546555 0.0431307
2 0.905319 0.0761096 0.0607224 0.035137
2 0.0897152 0.0723602 0.0583511 0.035028
2 0.629348 0.784903 0.543527 0.0441845
2 0.653093 0.0774399 0.0436447 0.0333062
2 0.231511 0.354793 0.238136 0.0335966
