9 0.489663 0.830041 0.91705 0.223006
3 0.484703 0.975528 0.0697046 0.0374572
7 0.274122 0.973664 0.0560005 0.0330387
2 0.0887991 0.684073 0.0768889 0.0409113
2 0.898794 0.68667 0.0757378 0.0393704
2 0.508311 0.0210332 0.199034 0.0413503
2 0.626824 0.683842 0.0665377 0.0342598
2 0.760874 0.684045 0.0653446 0.0324144
2 0.492568 0.683113 0.0572125 0.0276426
2 0.920298 0.0742258 0.0687084 0.0354442
0 0.100902 0.0716054 0.059495 0.0332836
0 0.702568 0.976801 0.0631307 0.0374557
2 0.223103 0.681686 0.0618911 0.0323412
2 0.355871 0.682424 0.072028 0.0227139
