2 0.383115 0.655503 0.611012 0.0537037
2 0.268631 0.497494 0.378708 0.0362389
2 0.202084 0.387572 0.237978 0.0343105
2 0.178113 0.331739 0.192128 0.0318036
2 0.207237 0.16152 0.253186 0.0362534
2 0.261313 0.55346 0.365175 0.03682
2 0.187806 0.275473 0.20727 0.0318982
0 0.704158 0.975766 0.0630998 0.0332413
7 0.273537 0.973015 0.0637125 0.035054
3 0.487223 0.974518 0.0684596 0.0345173
2 0.871563 0.0802705 0.0861632 0.0488038
2 0.248621 0.442579 0.331819 0.0374884
2 0.195017 0.218598 0.229685 0.0345889
2 0.499457 0.022383 0.200489 0.0440429
