2 0.60454 0.692213 0.086439 0.0467151
7 0.275749 0.974057 0.0622143 0.0322859
2 0.227812 0.859982 0.128962 0.0695502
2 0.493699 0.692069 0.0887305 0.0488763
2 0.49143 0.86065 0.170222 0.0925146
2 0.38186 0.691459 0.0842861 0.0454884
2 0.639326 0.760383 0.0833841 0.0260685
0 0.705289 0.975778 0.0610402 0.0388976
2 0.186601 0.759553 0.072654 0.0203549
2 0.327274 0.760261 0.118236 0.0213343
4 0.906903 0.0819124 0.0690875 0.046142
2 0.754837 0.859868 0.124029 0.069093
3 0.489582 0.974629 0.0646039 0.0355122
2 0.0748448 0.75889 0.0616407 0.0181268
2 0.491596 0.760438 0.139079 0.0292116
