2 0.722239 0.0805934 0.10893 0.0620202
2 0.348047 0.179904 0.133256 0.0751152
2 0.654154 0.271732 0.133918 0.0807472
8 0.33746 0.0770362 0.509969 0.0654489
2 0.192462 0.178326 0.133902 0.0738114
2 0.658821 0.18177 0.13186 0.0721227
2 0.34714 0.27176 0.132464 0.0730769
2 0.191863 0.272264 0.131814 0.0774689
2 0.815651 0.180027 0.136243 0.0757025
2 0.187243 0.45258 0.138555 0.107749
2 0.875525 0.0820519 0.104974 0.0594486
4 0.875489 0.0819176 0.104083 0.0593818
2 0.813804 0.465121 0.139539 0.128842
2 0.49912 0.271484 0.131425 0.0746585
2 0.655461 0.445472 0.132117 0.0911835
2 0.499527 0.457105 0.129603 0.115108
2 0.345094 0.450319 0.130014 0.105965
2 0.510872 0.021684 0.199124 0.0428299
2 0.816509 0.270495 0.148997 0.0773099
0 0.268312 0.975209 0.0556535 0.0302971
