2 0.817383 0.451802 0.176115 0.113796
2 0.173282 0.312122 0.206366 0.103737
2 0.592117 0.831413 0.177286 0.0957664
2 0.598116 0.706364 0.153012 0.101535
2 0.603564 0.574737 0.170788 0.0994058
2 0.606904 0.316628 0.196199 0.094786
2 0.605416 0.444497 0.159403 0.10182
2 0.815996 0.835267 0.179203 0.0934576
2 0.38912 0.444067 0.164416 0.101181
2 0.165584 0.830825 0.188549 0.0961172
2 0.823179 0.31018 0.177822 0.104035
2 0.814714 0.714209 0.172931 0.117145
2 0.173411 0.155441 0.173792 0.108041
2 0.386445 0.574871 0.153371 0.100437
2 0.392087 0.316783 0.14173 0.0975011
2 0.394555 0.161262 0.134778 0.0976059
2 0.833105 0.155537 0.164705 0.10554
2 0.384242 0.710374 0.134427 0.0925476
2 0.610914 0.158134 0.1745 0.101689
2 0.818255 0.580989 0.141164 0.0962677
2 0.381695 0.833044 0.146735 0.0887626
2 0.171084 0.449656 0.16004 0.120845
2 0.167823 0.71709 0.151098 0.110037
7 0.271484 0.973721 0.0601978 0.0357583
3 0.4843 0.975707 0.0712356 0.0385411
2 0.890995 0.0729488 0.0567979 0.0326666
2 0.169146 0.582626 0.167425 0.118539
0 0.701899 0.975801 0.0595839 0.0407659
2 0.330179 0.076746 0.224603 0.0273084
2 0.488352 0.913536 0.787596 0.0467854
2 0.508037 0.0225443 0.202379 0.0443083
