2 0.815157 0.772639 0.190175 0.102097
2 0.37665 0.767937 0.164345 0.0950044
2 0.384712 0.639927 0.166222 0.0984184
2 0.161419 0.768495 0.173672 0.0967232
2 0.17002 0.508628 0.151698 0.0976847
2 0.38885 0.517539 0.190337 0.113073
2 0.830643 0.245546 0.163928 0.0968349
2 0.610367 0.250011 0.178079 0.0901023
2 0.595785 0.769614 0.159182 0.0963192
2 0.602711 0.516179 0.154716 0.0928374
2 0.607307 0.377534 0.155908 0.0966687
2 0.818607 0.641766 0.161973 0.0993656
2 0.601562 0.649107 0.157481 0.110278
2 0.388767 0.380005 0.153654 0.0908798
2 0.393646 0.248114 0.149121 0.0964121
2 0.172638 0.643345 0.139657 0.0910781
2 0.825706 0.379171 0.18484 0.0982601
2 0.172321 0.378645 0.151365 0.0985578
7 0.270609 0.972826 0.0611745 0.0342445
2 0.822203 0.513625 0.174047 0.0989399
2 0.175027 0.247056 0.125735 0.103672
2 0.385732 0.126366 0.201858 0.0624065
2 0.891601 0.0726066 0.0571196 0.030713
0 0.701499 0.975283 0.0594764 0.038351
3 0.484266 0.974273 0.0707104 0.0381981
2 0.83665 0.117663 0.164069 0.0836527
2 0.32766 0.0777618 0.222089 0.0259403
2 0.507446 0.0220921 0.201457 0.0431824
2 0.615712 0.116048 0.174154 0.0901523
8 0.495217 0.91256 0.770312 0.0471531
2 0.175994 0.124668 0.150031 0.0664174
1 0.500626 0.913526 0.769187 0.046508
2 0.164426 0.864484 0.155034 0.0356541
2 0.595326 0.864623 0.160813 0.0329166
