2 0.334798 0.468254 0.483184 0.0535809
2 0.309563 0.613842 0.430153 0.0535307
2 0.319444 0.687759 0.451451 0.0553595
2 0.298972 0.542072 0.411614 0.0543761
2 0.306412 0.393058 0.428904 0.0582151
2 0.604307 0.911396 0.139568 0.057727
2 0.836635 0.912306 0.107256 0.0629197
7 0.272362 0.97191 0.0566083 0.0348415
2 0.373814 0.911908 0.0834317 0.0572952
2 0.143304 0.912051 0.096072 0.0603466
2 0.287946 0.251866 0.406232 0.0623404
3 0.484403 0.974919 0.0660772 0.035132
0 0.701064 0.975825 0.051102 0.0312115
0 0.101402 0.0702029 0.0650758 0.0367134
2 0.713428 0.253424 0.414308 0.0614948
4 0.912244 0.0746374 0.0431335 0.0433296
2 0.17762 0.165262 0.139165 0.0741099
