2 0.818904 0.601899 0.157336 0.0980851
2 0.167559 0.729413 0.157092 0.0967917
2 0.596629 0.470801 0.188601 0.0975655
2 0.822936 0.474157 0.171846 0.0945442
2 0.170088 0.598728 0.169419 0.0977799
2 0.613258 0.202953 0.174512 0.10511
2 0.386554 0.599928 0.16321 0.0963377
2 0.606617 0.340479 0.154253 0.102184
2 0.390434 0.345094 0.140196 0.0927704
2 0.597639 0.732973 0.15686 0.103052
2 0.171153 0.469287 0.191955 0.0992674
2 0.393308 0.202523 0.159261 0.104824
2 0.82679 0.346715 0.175015 0.114292
2 0.384169 0.732433 0.140524 0.0989159
2 0.388123 0.47498 0.145075 0.0917485
2 0.829979 0.208781 0.145544 0.0945518
2 0.602935 0.604753 0.139201 0.097982
2 0.171875 0.351958 0.153113 0.109345
2 0.175989 0.210175 0.187013 0.118206
7 0.270573 0.972845 0.0639814 0.0350056
2 0.815567 0.744493 0.178414 0.111944
3 0.484456 0.974573 0.0716282 0.038269
2 0.592572 0.84822 0.169437 0.0733291
0 0.701388 0.975461 0.0606395 0.0380311
2 0.170272 0.847564 0.148309 0.068555
2 0.891666 0.0722383 0.0567105 0.0321274
8 0.490538 0.912073 0.772752 0.0514549
2 0.328637 0.0781793 0.220658 0.0285137
2 0.507191 0.0225006 0.20258 0.0440778
2 0.587502 0.077053 0.242925 0.0280123
2 0.495591 0.91269 0.77389 0.0489208
2 0.386854 0.850052 0.144506 0.0652889
2 0.830487 0.116228 0.195403 0.0373784
