2 0.242197 0.328098 0.146704 0.0762468
2 0.598802 0.912771 0.141264 0.0550386
2 0.829929 0.912192 0.10465 0.062355
2 0.235878 0.622826 0.145539 0.074591
2 0.245057 0.128137 0.148345 0.073288
2 0.371104 0.910493 0.139726 0.0588063
2 0.244438 0.227444 0.148216 0.0764973
0 0.699149 0.977323 0.0522902 0.0336127
3 0.482295 0.975722 0.0666041 0.0342159
7 0.270288 0.972907 0.0566812 0.0325993
2 0.140085 0.910663 0.096287 0.0633794
2 0.510476 0.0221743 0.200599 0.0432885
2 0.233635 0.719353 0.144812 0.07536
2 0.239952 0.427635 0.143774 0.0745902
2 0.238943 0.529673 0.138569 0.0653229
2 0.514868 0.529976 0.648986 0.0737745
2 0.826726 0.0701796 0.194996 0.0297952
2 0.232025 0.818613 0.146223 0.0792494
2 0.447192 0.62601 0.246092 0.075822
2 0.548552 0.725344 0.453165 0.0789267
2 0.583134 0.332802 0.509369 0.0720605
