3 0.484517 0.974762 0.0647285 0.0359948
2 0.369069 0.901258 0.562878 0.0349489
2 0.44669 0.752824 0.72675 0.0572168
7 0.271458 0.973552 0.0591456 0.0342936
2 0.438728 0.382333 0.702637 0.0556151
2 0.330127 0.306342 0.488724 0.0384781
2 0.366115 0.605734 0.558098 0.0425568
2 0.363112 0.231458 0.55636 0.0384911
2 0.362069 0.532206 0.551663 0.0415694
0 0.701343 0.974399 0.0511543 0.038076
2 0.426305 0.152382 0.681851 0.0391438
2 0.497961 0.459266 0.819727 0.037937
2 0.466563 0.680005 0.752614 0.0390564
2 0.50139 0.02049 0.198534 0.0408635
0 0.0942311 0.0715724 0.0636337 0.0334612
2 0.431121 0.827808 0.701111 0.0558363
2 0.83785 0.0226386 0.0465039 0.0228396
2 0.898221 0.0220018 0.0662779 0.0230285
2 0.394761 0.0764708 0.451658 0.0416354
