7 0.273454 0.972761 0.0637939 0.0339565
0 0.703386 0.974508 0.0589467 0.033807
3 0.486428 0.974516 0.0706863 0.0347975
1 0.509608 0.27848 0.798365 0.075997
1 0.50624 0.889566 0.791785 0.0633106
1 0.821569 0.800926 0.144646 0.0477197
1 0.514096 0.365943 0.774648 0.0592774
1 0.823306 0.714165 0.148183 0.0502056
1 0.502462 0.454231 0.800337 0.0594548
1 0.824253 0.628723 0.149353 0.0517284
1 0.825509 0.543136 0.150401 0.0561895
1 0.490827 0.800343 0.808029 0.0581701
1 0.828784 0.454717 0.153259 0.0543844
1 0.490809 0.714 0.805627 0.0597401
0 0.122496 0.0706928 0.0439962 0.0334881
1 0.495553 0.541794 0.794464 0.0580913
