7 0.275335 0.974722 0.0625821 0.0338455
2 0.755583 0.857293 0.126882 0.0659603
2 0.14004 0.690209 0.0895808 0.0504267
2 0.305452 0.759803 0.195042 0.0277227
2 0.759131 0.761642 0.124093 0.0261686
3 0.489436 0.975468 0.0702148 0.0371994
2 0.304437 0.0809025 0.100748 0.03724
2 0.84674 0.692209 0.0892548 0.0492953
0 0.70673 0.976295 0.0671092 0.0394798
2 0.604539 0.692107 0.087954 0.0481615
2 0.617158 0.760272 0.0829725 0.0246412
2 0.706131 0.0817674 0.0669006 0.0360869
2 0.102705 0.0794816 0.0547889 0.0378372
2 0.380087 0.690531 0.0895441 0.0463722
2 0.489095 0.854608 0.173369 0.0904717
2 0.504395 0.0813831 0.0713657 0.0375875
4 0.907888 0.0815215 0.0673742 0.0430058
2 0.493623 0.691282 0.0903825 0.048941
2 0.223845 0.853829 0.141158 0.0714623
2 0.136352 0.759064 0.0808748 0.0300705
2 0.902559 0.761889 0.0923832 0.0244018
2 0.490031 0.759417 0.108452 0.0259061
