6 0.326675 0.215214 0.344722 0.0438162
6 0.286948 0.32694 0.258509 0.0382542
6 0.284108 0.382527 0.247411 0.0384731
6 0.277537 0.436712 0.231113 0.0358577
0 0.0934876 0.0763128 0.0598792 0.0336386
6 0.310719 0.656416 0.302395 0.0357001
6 0.282962 0.601071 0.251018 0.0362425
6 0.27461 0.710053 0.232536 0.0353645
6 0.314078 0.271121 0.320782 0.0410824
6 0.286304 0.763473 0.256745 0.0317954
6 0.318401 0.492274 0.31599 0.0373096
6 0.328843 0.547699 0.337572 0.0371899
7 0.27103 0.973688 0.0572923 0.0328391
3 0.484722 0.975146 0.058574 0.0320013
0 0.703175 0.974558 0.062303 0.0408879
