7 0.274707 0.974308 0.0575435 0.0310303
0 0.702666 0.976562 0.0540308 0.0317227
2 0.795284 0.921052 0.0748641 0.0345471
2 0.181018 0.920529 0.0750795 0.0377091
2 0.385366 0.0727325 0.159497 0.0318391
2 0.16255 0.0727554 0.165797 0.0266532
2 0.677942 0.0730857 0.279142 0.0320019
2 0.497694 0.2175 0.171553 0.105091
3 0.486736 0.976247 0.0682513 0.0329472
2 0.499467 0.0218994 0.202194 0.043106
2 0.486498 0.97565 0.068105 0.0335519
2 0.679523 0.214185 0.140618 0.0882883
2 0.312889 0.213104 0.159625 0.0899108
2 0.137295 0.242735 0.13669 0.0491793
