6 0.298838 0.688416 0.280062 0.0354857
6 0.322374 0.245894 0.335368 0.0467185
6 0.296876 0.63373 0.276268 0.0365473
6 0.34114 0.525473 0.361808 0.0360962
6 0.284001 0.74231 0.247822 0.0338543
0 0.0936959 0.0762171 0.060415 0.0342748
6 0.290858 0.579586 0.261902 0.0369909
6 0.33351 0.415786 0.346258 0.0371337
6 0.331397 0.470262 0.337197 0.0373157
7 0.271189 0.972764 0.0570827 0.0324173
6 0.308524 0.303868 0.305385 0.0398003
6 0.308773 0.360001 0.303 0.0375931
0 0.702338 0.972724 0.0571421 0.0409622
3 0.484556 0.974305 0.0590447 0.0317749
