3 0.487097 0.974983 0.069619 0.0376209
2 0.346058 0.681773 0.505976 0.0551779
2 0.488623 0.893619 0.798662 0.0698418
7 0.273882 0.974251 0.0532536 0.0340364
2 0.29546 0.337088 0.401385 0.0586501
0 0.703152 0.975986 0.0564725 0.0404805
2 0.346699 0.424482 0.501539 0.0586349
2 0.773499 0.770065 0.235268 0.0480826
2 0.770763 0.684496 0.242361 0.0536104
2 0.292131 0.767703 0.398695 0.0566685
2 0.779054 0.426569 0.242041 0.0584976
0 0.128783 0.0713257 0.0670476 0.0366362
2 0.328758 0.596075 0.463858 0.0567607
2 0.777905 0.512653 0.234621 0.0549231
2 0.32526 0.511719 0.456919 0.0588053
