9 0.488176 0.827245 0.913771 0.228213
8 0.496722 0.300373 0.840234 0.0766261
2 0.800436 0.620182 0.208762 0.056068
8 0.495428 0.395161 0.840179 0.0804228
7 0.274526 0.972906 0.0566176 0.0354179
2 0.894586 0.686486 0.0809809 0.0426516
3 0.484579 0.974887 0.0707111 0.0377475
2 0.625533 0.684859 0.0664143 0.03938
2 0.75975 0.684152 0.0649956 0.0369299
2 0.489699 0.684068 0.0616441 0.03507
0 0.701524 0.975036 0.0626578 0.0363564
2 0.498887 0.0230567 0.201869 0.0456241
2 0.0846128 0.684693 0.0847421 0.0440195
