8 0.48835 0.728042 0.687729 0.0789352
8 0.485389 0.638472 0.689213 0.0778103
8 0.484834 0.548941 0.686502 0.0749153
8 0.485374 0.464312 0.69297 0.0792085
2 0.750402 0.0808713 0.221639 0.0587726
2 0.53407 0.150813 0.598103 0.0491459
2 0.0944021 0.0768583 0.0460943 0.0342478
3 0.487636 0.974731 0.0701968 0.0378826
8 0.386159 0.809359 0.473682 0.0794905
7 0.274371 0.973282 0.0556405 0.0309778
0 0.703145 0.975257 0.0594134 0.0348126
8 0.483502 0.903192 0.705293 0.0831289
4 0.910518 0.0793054 0.0306541 0.0395205
2 0.500269 0.0216605 0.199165 0.0430277
