2 0.235827 0.372767 0.141805 0.104899
2 0.756403 0.508784 0.174781 0.108088
7 0.274728 0.974373 0.0646747 0.0339218
2 0.236305 0.233897 0.1415 0.109193
2 0.498072 0.370893 0.186343 0.108051
2 0.491313 0.640187 0.155161 0.102274
2 0.760103 0.375453 0.16822 0.10751
2 0.765507 0.236005 0.155634 0.110693
2 0.75417 0.640444 0.136307 0.105877
2 0.497801 0.5077 0.184771 0.103522
2 0.499559 0.236518 0.176164 0.107641
0 0.706989 0.975323 0.0676454 0.0390333
3 0.489651 0.975401 0.0702117 0.0367096
2 0.244824 0.508207 0.165156 0.106225
2 0.82807 0.0806972 0.071768 0.044519
2 0.344758 0.759291 0.131683 0.0225053
2 0.179484 0.758593 0.124564 0.0239729
2 0.697277 0.0813674 0.0784894 0.0431977
2 0.493545 0.760088 0.0961326 0.0328095
2 0.241347 0.63904 0.172201 0.105283
2 0.171602 0.675276 0.0703214 0.0248665
