2 0.372151 0.293593 0.462951 0.0370521
2 0.893828 0.0789415 0.0788144 0.0435945
2 0.333654 0.700471 0.38669 0.0364124
2 0.392681 0.528828 0.504159 0.0381516
7 0.272307 0.975048 0.057543 0.0323176
2 0.43744 0.471436 0.596551 0.0417044
2 0.420674 0.586876 0.562869 0.0406086
2 0.432716 0.643215 0.588858 0.0431297
0 0.700435 0.975865 0.0594504 0.034939
2 0.475628 0.351656 0.675357 0.0416558
2 0.114152 0.0780688 0.0681257 0.0418623
3 0.484499 0.975874 0.0640061 0.0356138
2 0.779998 0.0796182 0.0688302 0.0365132
2 0.28115 0.412393 0.279928 0.0406654
2 0.500235 0.0219146 0.198395 0.0432965
2 0.813132 0.910496 0.193489 0.0331287
2 0.169959 0.224936 0.0859603 0.0478773
