6 0.268624 0.579534 0.215515 0.0379183
6 0.291844 0.246236 0.274837 0.0465611
6 0.287962 0.525234 0.252622 0.0373194
6 0.284761 0.633617 0.24733 0.0367262
6 0.338556 0.743412 0.354314 0.0358523
3 0.48475 0.974825 0.0599878 0.0328739
6 0.296585 0.415381 0.273061 0.037878
0 0.0938645 0.0763181 0.0606174 0.0337758
6 0.336737 0.470548 0.345766 0.0373419
6 0.34611 0.35945 0.373974 0.0385582
6 0.398162 0.688134 0.473107 0.0362817
6 0.289196 0.303948 0.268194 0.0398529
7 0.270547 0.972923 0.0580552 0.0323311
0 0.701679 0.972972 0.0549067 0.0406147
