2 0.415355 0.338661 0.667198 0.0460579
9 0.491218 0.831058 0.909602 0.220659
2 0.316316 0.59569 0.464171 0.0453197
2 0.191029 0.531445 0.205962 0.037284
7 0.27423 0.972751 0.0564601 0.0343754
2 0.439018 0.206817 0.712986 0.048705
3 0.484567 0.974829 0.0698851 0.0378395
2 0.89545 0.687212 0.0790266 0.0389861
2 0.418967 0.4031 0.667487 0.0434355
2 0.263471 0.140431 0.355203 0.044082
2 0.266857 0.273509 0.360952 0.0412057
2 0.090707 0.683178 0.0822316 0.0426491
2 0.508254 0.0211632 0.198964 0.0412234
0 0.702427 0.975199 0.0645706 0.0376415
2 0.356059 0.682305 0.0743142 0.0283232
2 0.43977 0.466127 0.712457 0.0496281
2 0.761153 0.684306 0.0619102 0.033105
2 0.22235 0.682263 0.0645419 0.0316686
