2 0.26233 0.608238 0.399399 0.0634227
9 0.488769 0.830065 0.920587 0.225027
2 0.23094 0.477031 0.3365 0.0579374
3 0.484418 0.97574 0.0688828 0.0368209
0 0.0935579 0.0763393 0.0569002 0.0327047
7 0.273144 0.974359 0.0527283 0.0305194
2 0.895806 0.686522 0.0853985 0.0445905
2 0.624669 0.685575 0.0666033 0.0395527
2 0.759779 0.684185 0.0649171 0.037719
0 0.702092 0.976453 0.0646663 0.0380363
2 0.242221 0.344288 0.361342 0.0598904
2 0.489313 0.685525 0.058917 0.0299229
2 0.117215 0.477919 0.105072 0.0541067
2 0.116653 0.345043 0.107192 0.0532053
2 0.0967166 0.687004 0.101791 0.0443109
