2 0.488727 0.888878 0.790374 0.0725387
1 0.506815 0.30268 0.800498 0.0532386
1 0.505437 0.217881 0.803625 0.0549807
3 0.486816 0.975079 0.0704037 0.0373477
1 0.494412 0.550691 0.812413 0.0550492
1 0.487323 0.685148 0.800065 0.0371695
7 0.273289 0.974607 0.0596089 0.0334574
0 0.703409 0.976099 0.0568283 0.0400879
1 0.498492 0.143805 0.816945 0.0400182
1 0.501924 0.386332 0.810243 0.0568137
1 0.491208 0.623293 0.805565 0.0388965
1 0.497263 0.467756 0.809659 0.0543133
0 0.131284 0.0778843 0.0631717 0.0384171
1 0.48748 0.750518 0.799304 0.0415111
