2 0.171177 0.460589 0.205114 0.099381
2 0.394816 0.17327 0.154304 0.107918
2 0.812483 0.599217 0.178664 0.116002
2 0.601774 0.46552 0.194743 0.0911072
2 0.383518 0.719412 0.153594 0.100749
2 0.163831 0.728439 0.182351 0.11764
2 0.605497 0.30939 0.173673 0.0970288
2 0.815046 0.841568 0.16097 0.0850235
2 0.173646 0.307373 0.172634 0.102614
2 0.826674 0.308253 0.159207 0.098466
2 0.600517 0.59107 0.159375 0.102015
2 0.385986 0.590726 0.164043 0.100709
2 0.600145 0.719522 0.172958 0.100477
2 0.815995 0.458907 0.177451 0.100244
2 0.392783 0.313483 0.133237 0.093421
2 0.174925 0.177753 0.177513 0.11822
2 0.388726 0.464323 0.143424 0.0968062
2 0.814765 0.725409 0.141982 0.0949838
7 0.27121 0.973807 0.0630066 0.0349561
2 0.597643 0.839901 0.157006 0.0813126
2 0.613832 0.178079 0.147408 0.0978874
2 0.169216 0.594665 0.158245 0.119607
2 0.83394 0.186139 0.153243 0.114729
3 0.484307 0.975881 0.0714002 0.0395344
2 0.384212 0.840819 0.133541 0.0677575
2 0.891947 0.07292 0.0598407 0.0355658
0 0.701615 0.97615 0.0611008 0.039209
2 0.167072 0.83904 0.155127 0.068346
8 0.492978 0.911441 0.788982 0.053609
2 0.508471 0.0230508 0.201934 0.0448031
2 0.495621 0.912878 0.785019 0.0521516
2 0.327514 0.0771791 0.220821 0.0270683
