2 0.171034 0.459269 0.20338 0.0963449
2 0.810779 0.598735 0.178524 0.111011
2 0.615625 0.171244 0.200634 0.105407
2 0.601704 0.464565 0.196862 0.0886523
2 0.827511 0.311088 0.169573 0.0952245
2 0.609071 0.307116 0.161268 0.100991
2 0.810269 0.84203 0.157532 0.0818485
2 0.599545 0.590187 0.159416 0.0984986
2 0.597832 0.719613 0.171568 0.0970729
2 0.38125 0.718687 0.155956 0.0975005
2 0.836522 0.171328 0.161232 0.104021
2 0.163475 0.72752 0.182171 0.114713
2 0.81355 0.726374 0.144818 0.0895262
2 0.388405 0.464056 0.146152 0.0936138
2 0.392956 0.172213 0.158452 0.102896
2 0.384022 0.589548 0.163765 0.0975673
2 0.391565 0.313285 0.136903 0.0984892
2 0.81906 0.458452 0.173077 0.0985302
2 0.59297 0.840361 0.154893 0.0801494
2 0.175679 0.179655 0.19093 0.115294
7 0.269258 0.972973 0.0649686 0.0329648
2 0.166546 0.596111 0.159546 0.115583
2 0.173818 0.320088 0.180139 0.112132
2 0.893263 0.0733613 0.0592925 0.0316039
3 0.482952 0.975428 0.0700633 0.0376728
2 0.381862 0.840281 0.145007 0.0671301
0 0.700233 0.976387 0.0613749 0.0387499
8 0.486622 0.911287 0.788591 0.052074
2 0.164354 0.838197 0.151487 0.0677293
2 0.508359 0.023044 0.205089 0.0436125
2 0.329421 0.0765251 0.222078 0.0265324
