2 0.38196 0.557865 0.591824 0.0545212
2 0.293869 0.697932 0.41025 0.0443639
2 0.333844 0.878359 0.495315 0.0463245
2 0.252772 0.633451 0.329248 0.0455911
2 0.408177 0.338982 0.639071 0.0589674
2 0.299959 0.482201 0.425341 0.0442468
2 0.247201 0.140261 0.316877 0.0495314
2 0.436455 0.212507 0.698951 0.0502745
7 0.273332 0.973304 0.0510588 0.0290703
2 0.214759 0.761 0.257564 0.0447157
3 0.487021 0.974218 0.0615903 0.0329972
0 0.702252 0.974937 0.0495404 0.0325174
2 0.19406 0.417263 0.210177 0.0463512
2 0.507154 0.0207705 0.200735 0.0413658
1 0.214331 0.761079 0.254855 0.0463533
