2 0.438637 0.740712 0.736213 0.0569166
2 0.352323 0.656541 0.566191 0.0561595
2 0.360361 0.823489 0.582383 0.0600801
2 0.368814 0.40656 0.599752 0.054822
2 0.437323 0.490948 0.734535 0.0536208
2 0.376504 0.573919 0.61628 0.055377
2 0.395022 0.236684 0.659207 0.0592995
2 0.409482 0.322427 0.685598 0.0557687
0 0.095247 0.0765694 0.0575505 0.0339682
3 0.487155 0.974105 0.0670773 0.0344561
7 0.273948 0.972581 0.0519051 0.0323351
0 0.704192 0.974922 0.0495383 0.0340444
4 0.86614 0.74145 0.0271894 0.0332732
4 0.879711 0.236822 0.0307544 0.0392871
4 0.865771 0.823847 0.0301887 0.0376091
2 0.352594 0.904226 0.573003 0.0609245
4 0.877018 0.323375 0.0259185 0.0354465
4 0.871564 0.491984 0.0254806 0.0314457
4 0.869285 0.574504 0.0256865 0.0349886
4 0.864946 0.907824 0.0331287 0.0384642
4 0.868198 0.658013 0.0237769 0.0331523
2 0.50069 0.0222202 0.200506 0.0439192
4 0.874586 0.408077 0.0244876 0.0310448
2 0.903257 0.0202298 0.0715536 0.0290578
2 0.840271 0.0213023 0.0449745 0.0249191
