2 0.122928 0.140974 0.1447 0.077331
2 0.620396 0.34764 0.188277 0.0325946
2 0.691769 0.225132 0.335626 0.0355039
2 0.621112 0.286691 0.194131 0.0320194
2 0.723949 0.0813638 0.0584366 0.032844
2 0.813455 0.0810871 0.0585645 0.0333592
2 0.902429 0.0810915 0.0633796 0.0347372
2 0.795007 0.920806 0.0700757 0.0370617
2 0.257097 0.346405 0.353615 0.0408187
2 0.257043 0.40653 0.362761 0.0360336
2 0.487058 0.919491 0.0743991 0.0353809
7 0.272085 0.974739 0.0569028 0.0288182
0 0.700787 0.977097 0.0543959 0.0315552
2 0.179083 0.918961 0.0770635 0.0370102
2 0.483507 0.975975 0.0706034 0.0346718
2 0.184146 0.285502 0.199238 0.0352862
2 0.499142 0.0228906 0.205046 0.0455725
