6 0.270124 0.525527 0.219327 0.0365556
6 0.336193 0.471051 0.345679 0.0377332
6 0.289782 0.742159 0.256791 0.0346323
6 0.304982 0.245983 0.301667 0.0472984
6 0.296559 0.579524 0.269006 0.0386558
6 0.281342 0.634257 0.241006 0.0361988
6 0.494582 0.361173 0.667531 0.0591743
6 0.378091 0.688049 0.434222 0.0366989
0 0.0941358 0.0762241 0.0610518 0.0342385
7 0.271131 0.972859 0.0566267 0.0327461
6 0.306036 0.303003 0.29987 0.038165
3 0.484785 0.974285 0.0587475 0.0324795
0 0.702347 0.972795 0.0568145 0.0415192
6 0.458194 0.415605 0.592369 0.038768
