1 0.497266 0.617262 0.803978 0.050691
1 0.495925 0.686195 0.797675 0.0499699
1 0.488811 0.897918 0.822083 0.0534504
1 0.496252 0.82781 0.795993 0.0498807
1 0.498234 0.755919 0.79542 0.0503403
1 0.49369 0.546923 0.822357 0.0518742
1 0.508269 0.263284 0.803671 0.0537966
0 0.705189 0.975829 0.0595988 0.034465
7 0.273203 0.97334 0.0554076 0.0340531
1 0.502869 0.334514 0.817169 0.0551295
1 0.498627 0.477209 0.814658 0.0523731
1 0.500103 0.406194 0.816447 0.0538247
3 0.486506 0.975701 0.0691436 0.0346794
1 0.543883 0.191753 0.729013 0.0494255
4 0.89436 0.0740578 0.0326416 0.0386629
0 0.12902 0.0713487 0.0672653 0.0375752
2 0.508363 0.0219207 0.202508 0.0433816
