1 0.492495 0.901015 0.804645 0.0483261
1 0.494054 0.829854 0.799094 0.0470566
0 0.704872 0.975865 0.0599818 0.033638
7 0.273715 0.973556 0.0564091 0.0348326
3 0.486853 0.97554 0.0675015 0.0348561
1 0.83871 0.37372 0.148572 0.054353
1 0.513928 0.37237 0.799656 0.0507607
1 0.841916 0.301642 0.156785 0.0589435
1 0.83756 0.444399 0.147171 0.0535492
1 0.4957 0.760774 0.806433 0.0490266
4 0.893265 0.074652 0.0375429 0.0412888
1 0.509292 0.300575 0.811654 0.0566296
0 0.127507 0.0706492 0.0576512 0.0317589
2 0.263863 0.75821 0.351141 0.0541319
1 0.528826 0.442418 0.760431 0.0531654
2 0.305397 0.689647 0.404112 0.0472513
1 0.498368 0.688464 0.801167 0.0506349
