1 0.487713 0.837391 0.813475 0.0422217
2 0.497719 0.43394 0.820957 0.0410187
2 0.495212 0.496429 0.815108 0.0410096
1 0.489931 0.9022 0.820379 0.043274
1 0.49171 0.635883 0.813062 0.0414267
1 0.498019 0.368667 0.821073 0.0458768
2 0.503498 0.209947 0.830019 0.0787914
7 0.27081 0.972574 0.055274 0.0350685
0 0.702524 0.975148 0.0559018 0.0339838
3 0.484083 0.974378 0.0662276 0.0360206
1 0.491344 0.702418 0.810376 0.042704
2 0.508947 0.0213072 0.203818 0.0422761
0 0.128452 0.0706042 0.0670683 0.0335659
2 0.236663 0.314693 0.28263 0.0281711
