1 0.500171 0.24579 0.847376 0.0840683
2 0.395804 0.691751 0.590961 0.0437223
2 0.301531 0.853916 0.421681 0.0440184
2 0.321544 0.608607 0.480238 0.0354532
2 0.308805 0.772375 0.417162 0.0413981
3 0.487332 0.975356 0.0601706 0.0338917
7 0.274188 0.973603 0.0477197 0.0304081
0 0.704078 0.975005 0.0496745 0.0356789
2 0.309688 0.338848 0.478925 0.0639605
0 0.0932089 0.0722601 0.0557923 0.0336407
2 0.480968 0.441723 0.818623 0.0862015
2 0.500904 0.0212717 0.20142 0.042235
2 0.182457 0.541489 0.218228 0.0374532
