2 0.454859 0.844548 0.744759 0.076738
3 0.486849 0.975128 0.0639971 0.0358906
0 0.702942 0.975557 0.0494538 0.0355953
1 0.49528 0.493639 0.817162 0.038951
7 0.273952 0.973903 0.0505339 0.0311737
1 0.494911 0.616135 0.811475 0.137823
2 0.49757 0.26363 0.816876 0.0365865
2 0.496441 0.423393 0.815701 0.040825
0 0.123167 0.0716764 0.0512021 0.0311817
2 0.199707 0.427226 0.225304 0.0339607
2 0.39353 0.36978 0.608437 0.0363506
2 0.49646 0.193085 0.819962 0.0446858
2 0.508551 0.0219086 0.203899 0.0428657
