9 0.488487 0.827713 0.917678 0.226186
8 0.492468 0.345547 0.687527 0.0784688
8 0.491088 0.254118 0.689614 0.0795456
8 0.490973 0.436928 0.688509 0.0767287
8 0.481812 0.612583 0.695334 0.0731185
8 0.384126 0.519156 0.482514 0.0750723
8 0.485909 0.16478 0.690039 0.0835544
2 0.75028 0.0813361 0.221348 0.0597473
2 0.0940811 0.0769737 0.0509248 0.0351426
7 0.277086 0.972757 0.0549315 0.0344273
3 0.487496 0.974699 0.0703413 0.037272
2 0.760295 0.683918 0.0663498 0.0374958
0 0.70422 0.974824 0.0650907 0.0376023
2 0.499679 0.0217666 0.196969 0.0431147
2 0.624326 0.684362 0.0634629 0.037026
2 0.895961 0.685951 0.084798 0.0420447
4 0.910848 0.0789347 0.0330759 0.0384015
