6 0.336134 0.688251 0.352577 0.0348545
6 0.293066 0.415444 0.265857 0.0381723
6 0.294635 0.524821 0.267364 0.0374531
6 0.35425 0.359697 0.390612 0.0379567
0 0.0938622 0.0762285 0.0595638 0.0336888
6 0.295939 0.579697 0.271309 0.0380159
6 0.300256 0.742437 0.2792 0.0342086
6 0.296253 0.633972 0.274454 0.0365446
6 0.286666 0.470386 0.24883 0.0380278
6 0.286813 0.304219 0.263168 0.0410433
7 0.270939 0.972959 0.0571254 0.0324709
3 0.484906 0.974667 0.0598529 0.032612
0 0.70196 0.973363 0.0566524 0.0408893
6 0.381598 0.246917 0.456091 0.0481822
