1 0.489712 0.720041 0.827341 0.107047
2 0.352549 0.610247 0.555396 0.063223
2 0.400738 0.34213 0.656731 0.0611476
2 0.225625 0.431329 0.30547 0.0588003
2 0.420466 0.249527 0.690877 0.0607709
3 0.48736 0.974951 0.0646401 0.0349442
2 0.421292 0.521969 0.69576 0.0585121
7 0.274099 0.973809 0.0500151 0.0312286
0 0.094527 0.0715915 0.0615989 0.0352653
0 0.704733 0.975493 0.0551471 0.0357147
2 0.346053 0.159114 0.540908 0.0636735
2 0.397445 0.833177 0.651279 0.0636848
2 0.499971 0.0212827 0.200786 0.0422621
