2 0.598984 0.913242 0.140368 0.0562123
2 0.139647 0.909855 0.102082 0.0609096
7 0.270331 0.972688 0.0548877 0.0331741
2 0.829713 0.912177 0.107944 0.0627762
0 0.698605 0.977166 0.0499561 0.0340977
2 0.368604 0.91112 0.085411 0.0604432
2 0.691283 0.336218 0.141611 0.0511515
2 0.682047 0.613129 0.140944 0.0498499
3 0.482542 0.97533 0.0655771 0.0351059
4 0.876802 0.405789 0.0320426 0.0399462
4 0.866514 0.681993 0.0310866 0.0377219
4 0.893389 0.120358 0.0414393 0.0491413
2 0.843114 0.335497 0.145112 0.049002
2 0.831758 0.612685 0.145081 0.049894
2 0.509926 0.0248448 0.20555 0.0491864
2 0.324707 0.335016 0.490355 0.0430966
2 0.295 0.400852 0.428791 0.0472992
