2 0.296367 0.54846 0.309336 0.0390683
2 0.531722 0.297572 0.590568 0.0516823
2 0.376923 0.432599 0.467054 0.0374315
2 0.406235 0.49141 0.537726 0.0417042
2 0.335297 0.893208 0.403992 0.0404305
2 0.287691 0.720564 0.294543 0.0388109
2 0.279851 0.663274 0.278181 0.0413873
2 0.434257 0.375325 0.585154 0.0424183
2 0.857278 0.076193 0.0857355 0.0494901
0 0.703756 0.975208 0.0653605 0.0385003
2 0.314667 0.83483 0.358359 0.0395109
1 0.279273 0.606306 0.281431 0.037673
2 0.27935 0.606164 0.281774 0.0382099
2 0.501268 0.0229467 0.203542 0.0454554
0 0.271474 0.976162 0.0640498 0.0366099
7 0.270793 0.975889 0.0642913 0.0373364
