2 0.60358 0.91295 0.1393 0.053923
2 0.233817 0.71376 0.144925 0.0731232
2 0.237256 0.322442 0.14441 0.0746697
2 0.835418 0.911707 0.100956 0.0608665
2 0.143493 0.911558 0.0967746 0.0642883
0 0.703044 0.976305 0.0535265 0.033393
2 0.237442 0.220172 0.148183 0.0787079
2 0.372384 0.909808 0.137782 0.0603001
7 0.274739 0.973604 0.0541259 0.0325173
3 0.486852 0.975756 0.0659105 0.0339975
2 0.589793 0.325911 0.537089 0.0717126
2 0.233155 0.81345 0.148665 0.0796105
2 0.234319 0.616711 0.146891 0.0764736
2 0.50091 0.0217602 0.197712 0.0428691
2 0.238492 0.522222 0.136234 0.0697693
