2 0.722257 0.0806754 0.109122 0.0621286
2 0.347985 0.180014 0.13287 0.0748006
2 0.654281 0.271698 0.134208 0.0804069
2 0.658605 0.181799 0.132418 0.0721359
2 0.188577 0.458508 0.133894 0.120406
2 0.347063 0.271571 0.131858 0.0729281
8 0.337438 0.0771246 0.510225 0.0651149
2 0.192149 0.178367 0.133939 0.07318
2 0.191679 0.271982 0.13131 0.0769919
2 0.815412 0.180163 0.136112 0.0756443
2 0.500026 0.449988 0.134354 0.100268
2 0.655952 0.450482 0.134344 0.0986962
2 0.34474 0.454013 0.129603 0.106926
2 0.875418 0.0821446 0.105012 0.059511
2 0.499247 0.271528 0.131567 0.0745979
4 0.875384 0.0820169 0.104207 0.0594723
2 0.81866 0.467362 0.154158 0.13116
2 0.510598 0.0217429 0.199481 0.0429487
7 0.269257 0.974393 0.0517729 0.0289302
