6 0.408642 0.688816 0.496317 0.0364952
6 0.351113 0.580125 0.380752 0.0364161
6 0.277537 0.359865 0.235448 0.0380582
3 0.484839 0.974742 0.0590343 0.0337326
0 0.0934838 0.0762192 0.0605293 0.0340549
6 0.373328 0.471232 0.420683 0.0371927
6 0.290406 0.30392 0.268726 0.0402624
6 0.449577 0.743398 0.586248 0.0394688
0 0.701951 0.972987 0.0557993 0.0410791
6 0.422895 0.635127 0.527523 0.0369969
7 0.270732 0.972711 0.0578028 0.0330732
6 0.41981 0.525659 0.517752 0.0363518
6 0.418984 0.415201 0.517116 0.0394063
6 0.311845 0.246196 0.314128 0.0484796
