5 0.403853 0.697347 0.688095 0.386447
2 0.731889 0.0766452 0.0819842 0.0375386
7 0.275715 0.974026 0.0618649 0.0351267
3 0.488257 0.97586 0.0697491 0.0349174
0 0.706079 0.975832 0.0590804 0.0351011
2 0.295529 0.0746345 0.0731472 0.0424433
2 0.836411 0.881976 0.152512 0.0801665
2 0.377443 0.539698 0.127957 0.05311
4 0.911361 0.074978 0.0366212 0.040131
2 0.829701 0.711593 0.161706 0.0798668
2 0.513828 0.0750374 0.0852358 0.0392126
2 0.830271 0.793148 0.163182 0.0754888
2 0.504554 0.0218103 0.210037 0.0418597
