6 0.387343 0.525425 0.454105 0.0372524
6 0.30552 0.688277 0.292186 0.0349931
6 0.291368 0.579494 0.259078 0.0376187
6 0.318228 0.633898 0.315563 0.0364278
6 0.328494 0.742504 0.33807 0.035644
6 0.26892 0.470353 0.212612 0.0368201
6 0.349649 0.36011 0.381711 0.0377145
0 0.0937272 0.0762387 0.0588518 0.0333351
6 0.31432 0.245769 0.319565 0.047635
6 0.307421 0.304085 0.305091 0.0399383
7 0.270888 0.972903 0.058617 0.0330829
3 0.484851 0.97432 0.058781 0.0323662
0 0.702267 0.973157 0.0568995 0.0401184
6 0.436456 0.416685 0.554518 0.0401084
