2 0.602033 0.910674 0.138226 0.0642685
2 0.265779 0.84163 0.320438 0.0360164
2 0.27938 0.679917 0.343257 0.0452278
2 0.858003 0.0751331 0.0837005 0.0456885
2 0.305014 0.517536 0.38724 0.0389561
2 0.319861 0.433218 0.424562 0.0401787
2 0.833779 0.910467 0.105325 0.0625015
7 0.273616 0.973671 0.0521883 0.032711
2 0.269034 0.266688 0.320634 0.0395947
2 0.750296 0.0726143 0.0687955 0.0400127
2 0.219597 0.351186 0.222059 0.0390944
2 0.374299 0.134796 0.137375 0.0277563
3 0.486618 0.975677 0.0670476 0.0345383
2 0.374468 0.911101 0.134458 0.0584466
2 0.210019 0.59733 0.204815 0.039765
2 0.234533 0.761845 0.248326 0.0394663
2 0.143751 0.902044 0.066433 0.0310811
2 0.581464 0.136071 0.159886 0.0270152
2 0.814453 0.135781 0.196113 0.0281022
0 0.703236 0.976262 0.0520876 0.0328675
2 0.500312 0.02341 0.206842 0.0464814
2 0.164264 0.133588 0.176105 0.029987
