9 0.492685 0.826341 0.91571 0.231595
2 0.898121 0.686444 0.0814038 0.0404232
7 0.275874 0.973761 0.0567734 0.034526
3 0.486101 0.975663 0.0699191 0.037265
2 0.628448 0.686018 0.0661479 0.0343565
2 0.76179 0.684133 0.0652466 0.0339085
8 0.430796 0.0716259 0.678793 0.0602937
0 0.70412 0.976523 0.0640872 0.0382885
2 0.26338 0.567342 0.286784 0.0458645
2 0.49301 0.684469 0.0576506 0.0305572
2 0.087658 0.685018 0.0813965 0.041168
2 0.241873 0.447328 0.24348 0.0517539
2 0.220433 0.506091 0.21915 0.0492679
2 0.228382 0.194836 0.238916 0.0517407
2 0.715084 0.0740075 0.0502959 0.0279008
2 0.213118 0.626055 0.20555 0.0450636
2 0.356775 0.684107 0.0696545 0.0254911
2 0.507168 0.0231821 0.206937 0.0458366
