2 0.816432 0.45223 0.177548 0.112144
2 0.173278 0.311937 0.2055 0.0995265
2 0.589396 0.831214 0.182872 0.0949986
2 0.598141 0.70621 0.151998 0.100229
2 0.603631 0.574171 0.16976 0.0971002
2 0.166335 0.83099 0.189563 0.0949653
2 0.607456 0.316392 0.196352 0.0916189
2 0.389333 0.443546 0.165401 0.0991942
2 0.605533 0.444007 0.159715 0.100044
2 0.392338 0.316739 0.144027 0.0950523
2 0.815134 0.714011 0.17285 0.114981
2 0.173836 0.15495 0.175862 0.10648
2 0.60973 0.157899 0.174829 0.099947
2 0.824142 0.309797 0.179258 0.102745
2 0.385924 0.574238 0.15352 0.0979519
2 0.815587 0.834965 0.17656 0.0928442
2 0.381865 0.832796 0.14444 0.0884624
2 0.383907 0.710855 0.133778 0.090572
2 0.394922 0.160896 0.135202 0.095553
2 0.833012 0.155433 0.164149 0.104119
2 0.169343 0.582426 0.171408 0.117002
2 0.820046 0.581244 0.146435 0.0914106
2 0.167464 0.717243 0.149116 0.105275
2 0.171116 0.449338 0.16036 0.118911
7 0.271094 0.97374 0.0597978 0.0340679
3 0.484114 0.975527 0.0709096 0.0375911
0 0.701394 0.976103 0.0577814 0.0385803
2 0.891436 0.072845 0.0548695 0.0317926
2 0.329941 0.0768465 0.222765 0.0265161
2 0.507581 0.0223063 0.201448 0.0436205
2 0.492843 0.91401 0.783789 0.0427322
2 0.588744 0.0772406 0.240552 0.030052
