9 0.491407 0.82873 0.91726 0.224778
7 0.274522 0.973489 0.0555196 0.0341697
3 0.48466 0.975581 0.0702994 0.0376585
2 0.507963 0.0210023 0.19897 0.0412214
2 0.920215 0.0740788 0.0687174 0.0353075
2 0.897766 0.686314 0.0805065 0.0403793
2 0.627021 0.684508 0.0648771 0.0346203
2 0.761135 0.684338 0.0638309 0.0333921
0 0.101099 0.0715488 0.0592799 0.0332059
0 0.702488 0.976574 0.0644844 0.0380573
2 0.0888559 0.684053 0.0804696 0.0417406
2 0.49236 0.683141 0.0607269 0.0287096
8 0.489433 0.538453 0.870419 0.086306
2 0.355446 0.683149 0.0678735 0.023345
8 0.497279 0.475783 0.874603 0.0492647
