6 0.420795 0.305318 0.520038 0.0584858
6 0.346759 0.688306 0.373841 0.0352381
6 0.342101 0.634916 0.357235 0.0336106
6 0.463763 0.579292 0.602278 0.0478872
0 0.0937865 0.076139 0.0619756 0.0339197
6 0.408433 0.742936 0.502277 0.037169
3 0.484984 0.974823 0.0592982 0.032881
7 0.27053 0.972848 0.0590457 0.0329711
6 0.439074 0.470886 0.557971 0.0374766
6 0.36655 0.524546 0.407589 0.0353285
0 0.702416 0.973015 0.0551251 0.0412844
6 0.43636 0.360234 0.549992 0.0391309
6 0.460354 0.41576 0.602676 0.0400328
6 0.32415 0.246052 0.337247 0.0468112
