2 0.597462 0.761378 0.195202 0.100243
2 0.816675 0.761158 0.15636 0.102106
2 0.817175 0.635522 0.161444 0.100898
2 0.38428 0.635747 0.163402 0.0999248
2 0.380814 0.760877 0.163332 0.0979446
2 0.60043 0.635442 0.160537 0.0995152
3 0.48486 0.976459 0.0669741 0.0345334
2 0.165675 0.76934 0.157035 0.116227
2 0.383747 0.509124 0.1609 0.103298
2 0.162125 0.911922 0.16136 0.0827786
2 0.597695 0.912335 0.154832 0.0814972
0 0.700559 0.9771 0.0547264 0.0349253
7 0.271806 0.974958 0.0568926 0.0312313
8 0.44904 0.39019 0.767609 0.0640104
2 0.815827 0.913928 0.157066 0.0807247
2 0.379728 0.912364 0.156168 0.0812826
2 0.597992 0.512342 0.18012 0.101585
2 0.16897 0.636947 0.14335 0.0979824
2 0.814189 0.504917 0.174421 0.105175
2 0.498407 0.0222901 0.206264 0.0444373
2 0.168679 0.508074 0.173761 0.117311
2 0.732495 0.391511 0.0587261 0.0373976
