2 0.462136 0.556293 0.754106 0.0710762
1 0.493459 0.343015 0.821542 0.0490777
1 0.495026 0.155525 0.83036 0.0486893
1 0.492374 0.410154 0.820772 0.0432819
1 0.496062 0.251909 0.82571 0.0907681
3 0.486998 0.975417 0.067532 0.0348616
7 0.274072 0.973882 0.0597268 0.0360724
0 0.703794 0.975664 0.0505017 0.035809
2 0.30466 0.473439 0.438107 0.0352474
1 0.83459 0.342256 0.151284 0.0562334
2 0.25876 0.786534 0.0831642 0.0434276
0 0.121014 0.072006 0.0643777 0.0345532
2 0.500544 0.0215628 0.20243 0.0430068
