2 0.48819 0.892435 0.798306 0.0708481
3 0.487141 0.974949 0.0679647 0.0368177
7 0.274041 0.974189 0.0541835 0.033947
0 0.703238 0.97593 0.0560788 0.0411452
2 0.343935 0.502385 0.485442 0.0586269
2 0.32415 0.418142 0.460944 0.0586681
2 0.774973 0.504803 0.242732 0.0520735
2 0.296717 0.231008 0.407636 0.0796217
0 0.129409 0.071293 0.0683147 0.0363162
2 0.778799 0.420226 0.240009 0.056992
2 0.295912 0.330177 0.401723 0.0583134
2 0.29227 0.760897 0.400274 0.0573772
2 0.145389 0.758953 0.103508 0.0520428
