6 0.281264 0.215524 0.25269 0.0419263
0 0.0937567 0.076284 0.0596363 0.033356
6 0.348047 0.656196 0.379164 0.0354272
6 0.298137 0.601825 0.2791 0.0373261
6 0.285011 0.547152 0.250844 0.0375974
6 0.331098 0.326789 0.344302 0.0381436
6 0.318697 0.271054 0.323105 0.0398471
6 0.294409 0.710565 0.271706 0.0354753
6 0.287869 0.382731 0.256151 0.0375161
6 0.278623 0.492554 0.239301 0.037772
6 0.312152 0.43747 0.30583 0.0355178
7 0.270984 0.973623 0.0576719 0.032547
6 0.281818 0.763943 0.248952 0.0317096
3 0.484561 0.975085 0.0589767 0.0320812
0 0.703464 0.974655 0.060062 0.0408396
