2 0.270304 0.396731 0.318453 0.053139
2 0.320018 0.643245 0.425419 0.0443758
2 0.340722 0.315023 0.474149 0.048163
2 0.270828 0.478696 0.321311 0.048653
2 0.303308 0.725894 0.385807 0.0457578
2 0.603413 0.910612 0.133302 0.0634877
2 0.85835 0.0751092 0.0841934 0.0454794
2 0.207744 0.805344 0.202494 0.0362888
2 0.219152 0.561558 0.218342 0.0397449
3 0.484336 0.975825 0.0679079 0.0331666
2 0.835152 0.909997 0.1021 0.0643319
2 0.374927 0.134613 0.135279 0.0272846
2 0.373036 0.909968 0.12614 0.0611793
2 0.739876 0.0747638 0.0523042 0.0362642
2 0.142635 0.911943 0.100679 0.0627034
7 0.271942 0.973815 0.0536287 0.0321297
2 0.815396 0.135986 0.193785 0.0278239
2 0.581192 0.135672 0.158475 0.0268201
2 0.341666 0.230132 0.46257 0.0434242
0 0.701033 0.976537 0.0529044 0.0334614
2 0.164302 0.133608 0.175669 0.0308585
