2 0.598793 0.913381 0.138285 0.0562015
2 0.139754 0.910971 0.0974697 0.0608463
2 0.829611 0.914999 0.102053 0.0626714
7 0.270412 0.972941 0.0559138 0.0328591
2 0.369106 0.912053 0.0849753 0.059426
4 0.867626 0.63882 0.027583 0.0385494
0 0.69901 0.977213 0.050042 0.0334068
2 0.675661 0.84676 0.138274 0.049189
3 0.482247 0.975833 0.0640309 0.0345657
2 0.8273 0.847218 0.144813 0.049555
2 0.868861 0.366951 0.0592957 0.0301581
2 0.511561 0.0218194 0.196489 0.0429295
2 0.306639 0.845166 0.472019 0.0363039
