8 0.488317 0.727936 0.68675 0.0788362
8 0.486248 0.63838 0.689185 0.0775728
8 0.485861 0.548903 0.686836 0.0753273
8 0.486599 0.464066 0.694553 0.0802977
2 0.750396 0.0810074 0.222125 0.0590184
2 0.533934 0.150605 0.599466 0.0490242
2 0.0944217 0.07715 0.0460695 0.0340647
3 0.487181 0.975694 0.0711998 0.0378526
8 0.385667 0.809622 0.471988 0.0787168
8 0.484719 0.903223 0.698124 0.0830906
7 0.274131 0.974255 0.0564215 0.0313755
0 0.703499 0.976296 0.0602398 0.0351469
4 0.910508 0.079177 0.0305583 0.038456
2 0.500322 0.0217553 0.199451 0.0432106
