9 0.493188 0.826531 0.915169 0.232149
2 0.898147 0.686551 0.08074 0.040063
7 0.278488 0.973896 0.0553064 0.0350021
3 0.488276 0.975743 0.069519 0.0371407
2 0.268367 0.567836 0.285642 0.0467755
2 0.628361 0.685991 0.0666726 0.0343822
2 0.761611 0.684284 0.064883 0.033548
0 0.706298 0.976426 0.0634652 0.0378391
8 0.438296 0.070364 0.694077 0.0583266
2 0.088124 0.685638 0.0824559 0.0417278
2 0.492706 0.684204 0.0589797 0.0301539
2 0.217967 0.505315 0.206777 0.0489544
2 0.242082 0.447076 0.240326 0.0525906
2 0.357476 0.684004 0.0707371 0.0247804
2 0.704696 0.62738 0.226271 0.0480799
2 0.21218 0.625409 0.207895 0.0462518
2 0.229371 0.194555 0.249604 0.0503951
