1 0.498794 0.268686 0.888649 0.0635063
1 0.502783 0.180626 0.887711 0.0684982
3 0.48739 0.974929 0.0678725 0.0380241
2 0.450625 0.734287 0.790514 0.0600397
2 0.232416 0.424213 0.350842 0.0602302
7 0.273828 0.973933 0.0573464 0.0342744
2 0.299316 0.656415 0.47282 0.0343891
1 0.498942 0.344902 0.883821 0.0521765
2 0.47827 0.823468 0.857135 0.0638996
2 0.381446 0.51445 0.652787 0.0619014
0 0.102426 0.0763302 0.0561848 0.033677
0 0.704834 0.975003 0.054382 0.0390572
2 0.256828 0.900482 0.408025 0.0325283
2 0.362856 0.593173 0.5971 0.0333414
2 0.509696 0.0211617 0.204913 0.0420673
