6 0.324676 0.524158 0.324819 0.0341374
6 0.419897 0.580998 0.51208 0.0517748
3 0.484782 0.974942 0.0592101 0.0339519
6 0.322826 0.470593 0.321092 0.0377466
6 0.408698 0.415061 0.493579 0.0371011
6 0.437846 0.743899 0.564539 0.0395092
0 0.0936172 0.0763032 0.0600436 0.0334995
6 0.347417 0.360172 0.373954 0.0385133
6 0.326638 0.304149 0.339248 0.0405216
7 0.270737 0.972845 0.058302 0.0335506
6 0.43316 0.635835 0.54891 0.0347626
0 0.701957 0.97315 0.0549581 0.0406117
6 0.327983 0.246088 0.346124 0.047258
6 0.47044 0.688675 0.622233 0.0378346
