1 0.49365 0.486191 0.812219 0.0512269
1 0.498231 0.2545 0.820822 0.0465098
1 0.501915 0.182633 0.830815 0.0494014
3 0.484808 0.97407 0.0660624 0.0359428
7 0.271722 0.972903 0.05678 0.0340895
2 0.403606 0.877656 0.640822 0.0522164
0 0.702295 0.974915 0.0518484 0.0369438
2 0.266368 0.623551 0.345789 0.0314358
1 0.500224 0.328937 0.82532 0.0584512
2 0.240684 0.690252 0.309899 0.0332757
2 0.237763 0.758394 0.303184 0.0346684
0 0.127622 0.0713718 0.0613212 0.0303185
2 0.201958 0.555217 0.233836 0.0356321
2 0.507371 0.0219363 0.202675 0.0436353
