2 0.3528 0.556762 0.327806 0.0568723
2 0.40435 0.877576 0.431555 0.0614196
2 0.341256 0.645647 0.304516 0.0558437
2 0.306838 0.468868 0.235933 0.0521324
2 0.553448 0.174791 0.739148 0.0881655
0 0.0939883 0.0757301 0.0636903 0.034084
7 0.274187 0.975242 0.0507202 0.0291721
0 0.705097 0.975101 0.0553204 0.0387333
2 0.301685 0.725116 0.224969 0.0310747
2 0.489497 0.791222 0.606938 0.0575829
2 0.500756 0.0214326 0.198357 0.0424359
3 0.490022 0.975405 0.0741132 0.0348358
2 0.354719 0.267551 0.331287 0.0283654
