1 0.491533 0.237694 0.826111 0.0477681
1 0.487085 0.470878 0.8131 0.043862
3 0.484161 0.97528 0.0656783 0.0353352
7 0.271824 0.973868 0.0554462 0.0337124
1 0.494386 0.165155 0.829554 0.0511514
2 0.277669 0.765983 0.380964 0.0343845
0 0.701761 0.976255 0.052355 0.0354846
2 0.404992 0.887101 0.648508 0.0466282
2 0.345431 0.699524 0.516612 0.036767
1 0.493921 0.307362 0.832793 0.0530139
0 0.120903 0.0717401 0.0615093 0.0344626
2 0.499353 0.0218089 0.200203 0.0433804
2 0.302111 0.539706 0.439847 0.0343874
