9 0.491208 0.829886 0.915795 0.223476
2 0.307724 0.07871 0.238254 0.0519135
7 0.273896 0.973627 0.0560237 0.0353843
3 0.484118 0.97613 0.0703321 0.03753
2 0.886116 0.0794356 0.0750408 0.0405828
0 0.139702 0.0764132 0.0560862 0.0380594
2 0.248823 0.685117 0.0669838 0.0299746
0 0.701783 0.976619 0.064699 0.0383221
2 0.675787 0.685149 0.0548317 0.0296824
2 0.0876372 0.684734 0.0782805 0.0381745
2 0.790793 0.686944 0.067446 0.0297377
2 0.898654 0.687314 0.0857174 0.0404066
2 0.488386 0.684932 0.0675141 0.0284609
