6 0.301139 0.246362 0.293337 0.047632
6 0.287209 0.687544 0.25381 0.0354316
6 0.291649 0.633839 0.263719 0.0364824
6 0.288843 0.57925 0.254792 0.0373955
6 0.284433 0.303916 0.260904 0.0398592
6 0.269966 0.525034 0.220074 0.0356253
6 0.34524 0.742765 0.375504 0.0359592
6 0.288248 0.359893 0.25846 0.0375291
0 0.0933423 0.0760952 0.060828 0.0344635
6 0.305962 0.415067 0.291777 0.0370615
7 0.271204 0.972664 0.0586518 0.0329693
6 0.290976 0.47063 0.259651 0.0369822
3 0.484853 0.974371 0.0582704 0.0321144
0 0.702106 0.973186 0.057475 0.0419651
