1 0.491302 0.565647 0.88705 0.0660877
1 0.493928 0.379102 0.891705 0.0898519
1 0.493646 0.480067 0.887243 0.0691576
2 0.226999 0.715399 0.347647 0.0578756
1 0.49108 0.639119 0.880101 0.052517
2 0.357733 0.882762 0.60233 0.0364869
7 0.27181 0.973865 0.0497707 0.031955
2 0.375295 0.805665 0.650828 0.0626561
0 0.700889 0.975245 0.0521213 0.0383297
2 0.14947 0.151002 0.194191 0.0342449
2 0.501434 0.021349 0.199626 0.0424297
0 0.0936389 0.0765925 0.060331 0.0332884
3 0.484109 0.97537 0.061951 0.0352438
2 0.175459 0.21718 0.242008 0.0354211
