2 0.816541 0.701175 0.156152 0.096036
2 0.814031 0.832686 0.163955 0.0982151
2 0.37571 0.698909 0.19253 0.0953252
2 0.604772 0.171188 0.193024 0.103227
2 0.835759 0.173748 0.179271 0.0994935
2 0.175332 0.169989 0.199243 0.10191
2 0.597578 0.836057 0.171004 0.0863706
2 0.828521 0.307428 0.159581 0.100224
2 0.604784 0.442218 0.155908 0.101766
2 0.169734 0.703688 0.144959 0.0883841
2 0.173072 0.304277 0.17288 0.101455
2 0.819185 0.577499 0.162353 0.0930058
2 0.170207 0.438548 0.158061 0.0958996
2 0.601331 0.573916 0.168497 0.0924987
2 0.388035 0.441586 0.146423 0.0984098
2 0.386225 0.576109 0.129627 0.0881712
2 0.393787 0.174472 0.150225 0.0965114
2 0.599295 0.700513 0.154311 0.0959761
2 0.392615 0.306254 0.166816 0.0988367
2 0.170533 0.572607 0.144798 0.100871
2 0.385916 0.832409 0.149151 0.0924647
7 0.270823 0.972681 0.0604509 0.0348419
2 0.612572 0.310706 0.144021 0.101367
2 0.823719 0.454577 0.176864 0.113995
2 0.166996 0.831586 0.127599 0.0944914
2 0.891684 0.0728192 0.0619045 0.0341214
3 0.484555 0.9744 0.0718979 0.0376976
0 0.701208 0.975023 0.0588617 0.03904
2 0.327835 0.0774985 0.217879 0.0265615
2 0.508714 0.0225599 0.203267 0.0437539
2 0.595036 0.0782475 0.251797 0.032901
2 0.498902 0.914098 0.776801 0.0409489
