1 0.494194 0.5662 0.885887 0.0667557
1 0.499052 0.37934 0.892704 0.0902584
1 0.497353 0.480286 0.887711 0.0687821
2 0.229751 0.714753 0.348044 0.0574807
1 0.493684 0.639321 0.879925 0.0527185
2 0.357501 0.882407 0.600489 0.0368458
7 0.274169 0.973722 0.0502607 0.0324962
3 0.487589 0.975551 0.0617214 0.0348709
0 0.703696 0.975361 0.052089 0.0381096
2 0.375841 0.80534 0.650061 0.0637242
2 0.155883 0.150118 0.196175 0.0343851
0 0.101739 0.075913 0.0617271 0.0339663
2 0.510189 0.021602 0.201977 0.0428084
2 0.18333 0.216759 0.244211 0.036307
