8 0.508056 0.245848 0.8413 0.084179
2 0.744415 0.380958 0.143649 0.0927069
2 0.559675 0.378959 0.18091 0.0911881
2 0.376433 0.378162 0.135562 0.0923518
2 0.194894 0.379847 0.145621 0.0913631
2 0.686273 0.0754122 0.0652112 0.0387059
2 0.0919767 0.0716198 0.0775772 0.0381794
4 0.874222 0.476127 0.031164 0.0368612
2 0.803704 0.074185 0.0592092 0.0339357
2 0.897964 0.383184 0.0964141 0.0856689
3 0.484568 0.975013 0.0705337 0.0370152
7 0.272601 0.973044 0.0620584 0.033569
4 0.921865 0.0734203 0.0327506 0.036102
0 0.700515 0.975911 0.0549646 0.0355869
2 0.507739 0.022636 0.206241 0.0448413
