1 0.495288 0.782725 0.814563 0.0548388
1 0.497686 0.431818 0.819662 0.0522726
1 0.500361 0.361189 0.819565 0.0549438
1 0.50867 0.218766 0.810405 0.0525785
1 0.502796 0.289416 0.81907 0.0543268
1 0.498457 0.503109 0.81211 0.0537773
0 0.704387 0.976449 0.063937 0.0331545
3 0.487271 0.975645 0.0678134 0.0345207
7 0.273361 0.97341 0.0486001 0.0309982
1 0.493076 0.921455 0.808823 0.0461403
2 0.239791 0.712392 0.300342 0.0529659
2 0.270119 0.850964 0.364524 0.0506727
1 0.49385 0.713441 0.813982 0.0507551
1 0.493716 0.850553 0.813454 0.0456101
1 0.495379 0.571297 0.808238 0.0535934
4 0.893433 0.0739795 0.0315357 0.0407354
2 0.508403 0.0217409 0.202261 0.0430363
0 0.129157 0.07091 0.0662944 0.036677
2 0.229084 0.642422 0.295631 0.053368
1 0.490206 0.640203 0.818736 0.056143
