2 0.22801 0.860122 0.129061 0.0707989
7 0.275745 0.974077 0.0621126 0.0326569
2 0.603713 0.692953 0.0858395 0.0461253
2 0.631778 0.760732 0.11769 0.0240377
2 0.491699 0.860442 0.172435 0.0930485
2 0.364288 0.759346 0.094572 0.0247425
2 0.493459 0.691851 0.0886368 0.0484154
2 0.846545 0.692322 0.0864722 0.0475211
2 0.754916 0.858008 0.129085 0.0679814
2 0.381715 0.69151 0.084329 0.04568
2 0.490326 0.759834 0.0765156 0.0239662
2 0.30459 0.0810166 0.100549 0.037104
2 0.797288 0.762904 0.133577 0.024779
2 0.705984 0.0812272 0.0700887 0.0374796
2 0.102458 0.0793665 0.0550262 0.0379787
2 0.506599 0.0817274 0.0702417 0.03727
0 0.70519 0.975809 0.0600785 0.0383266
3 0.489157 0.974963 0.065067 0.035751
4 0.907896 0.0815954 0.0672367 0.042246
2 0.92477 0.761093 0.0489277 0.0233862
2 0.179841 0.760683 0.193383 0.0221422
