2 0.17309 0.327036 0.200879 0.0999067
2 0.607595 0.173343 0.17471 0.0985309
2 0.171398 0.170741 0.157878 0.10238
2 0.597888 0.720535 0.154566 0.0982382
2 0.596442 0.839324 0.157466 0.0793512
2 0.818216 0.463043 0.172577 0.105193
2 0.821598 0.3253 0.178709 0.0995429
2 0.606456 0.331055 0.195002 0.091346
2 0.815427 0.728108 0.177067 0.113113
2 0.605772 0.458522 0.16066 0.0992764
2 0.392094 0.170844 0.199456 0.105501
2 0.389144 0.459203 0.165761 0.0968338
2 0.391153 0.331158 0.145362 0.0938565
2 0.168586 0.725546 0.14782 0.104816
2 0.385389 0.589126 0.153235 0.0972904
2 0.38522 0.724629 0.134507 0.088405
2 0.602674 0.588902 0.167994 0.0969898
2 0.830251 0.171104 0.163478 0.102186
2 0.168442 0.838957 0.159015 0.0793494
2 0.821327 0.59732 0.14844 0.0866463
2 0.17115 0.464666 0.159138 0.117852
7 0.275067 0.973999 0.0631154 0.033762
2 0.815941 0.840383 0.165511 0.078273
3 0.489115 0.975489 0.070733 0.037603
2 0.381338 0.838268 0.15337 0.0750748
2 0.170233 0.595892 0.182878 0.113934
8 0.487986 0.912445 0.775063 0.050129
0 0.706116 0.975685 0.0605798 0.0374462
2 0.890571 0.0717253 0.056527 0.0331993
2 0.505773 0.0224262 0.201192 0.0439632
2 0.325363 0.0767985 0.219877 0.0261411
2 0.134796 0.0827624 0.0929451 0.0434275
