8 0.488782 0.459823 0.698173 0.0780802
9 0.489521 0.828872 0.916155 0.22391
8 0.497156 0.28325 0.6926 0.0797588
8 0.389212 0.542673 0.489724 0.0776032
2 0.750139 0.0811908 0.221569 0.0597092
8 0.386926 0.367891 0.481097 0.0766287
2 0.0943246 0.0773204 0.0496582 0.0350015
3 0.487367 0.974614 0.0697534 0.0371094
7 0.276609 0.97305 0.0566617 0.0338657
2 0.624773 0.684082 0.0636231 0.0395305
2 0.759701 0.683309 0.0674354 0.0385668
0 0.704321 0.975038 0.0653838 0.0384889
2 0.896429 0.686237 0.0796827 0.0421407
4 0.911094 0.0793454 0.0339217 0.0397457
2 0.499543 0.0217917 0.197368 0.0431821
2 0.0857736 0.685477 0.0816624 0.0411402
8 0.389242 0.187627 0.479099 0.0824056
2 0.488795 0.684411 0.0612817 0.0306464
