1 0.492558 0.423557 0.824625 0.0588793
1 0.490189 0.520219 0.821811 0.0774774
1 0.485956 0.676853 0.811797 0.0435295
1 0.488337 0.905373 0.818375 0.0447349
7 0.273377 0.972935 0.0559989 0.0344963
0 0.704407 0.974455 0.0603301 0.0333818
1 0.487561 0.747577 0.810995 0.0527377
1 0.487076 0.608717 0.808507 0.043211
1 0.493651 0.220234 0.828653 0.0535171
3 0.486933 0.974358 0.0683487 0.0356795
1 0.494668 0.341008 0.830753 0.0598687
0 0.113525 0.0712542 0.0422538 0.0324172
1 0.824129 0.676094 0.143424 0.0492739
2 0.499181 0.0239144 0.202526 0.0475185
2 0.317243 0.850574 0.469887 0.0290518
