2 0.419841 0.290215 0.688041 0.0515066
2 0.869682 0.0799642 0.0795839 0.0459705
2 0.603475 0.902709 0.214413 0.0650303
2 0.422239 0.372655 0.689396 0.0503333
2 0.370847 0.900657 0.181763 0.0646166
4 0.907112 0.287338 0.0247388 0.0338595
2 0.835462 0.903629 0.14837 0.0692635
2 0.3887 0.454075 0.625959 0.0603762
7 0.274525 0.973484 0.0570385 0.0329735
3 0.48737 0.97464 0.0669526 0.034409
2 0.141419 0.900048 0.0891876 0.0693233
4 0.900667 0.450477 0.0277754 0.0345627
0 0.70228 0.975721 0.0597121 0.0344055
4 0.13391 0.0772999 0.0668029 0.0303464
2 0.86668 0.739489 0.094068 0.0493612
4 0.902538 0.368883 0.0248651 0.0306134
2 0.724695 0.809155 0.0581013 0.0286342
2 0.500816 0.02168 0.198258 0.0427917
8 0.477206 0.0771702 0.676588 0.0517808
