8 0.486707 0.602473 0.690424 0.0771603
8 0.487693 0.512701 0.689544 0.0764508
8 0.488094 0.69225 0.688256 0.0782607
8 0.486916 0.42864 0.692833 0.0795799
8 0.383216 0.773617 0.478805 0.0777142
8 0.479807 0.866833 0.701591 0.0850887
2 0.750493 0.0801605 0.225375 0.0562697
2 0.0931563 0.0771203 0.0501719 0.035218
7 0.274884 0.973946 0.0566205 0.0305061
3 0.487354 0.974573 0.0685253 0.0355466
2 0.703357 0.97483 0.0624866 0.0381439
4 0.9104 0.0799215 0.0345548 0.0417557
2 0.500004 0.0215255 0.199064 0.0427228
