6 0.275036 0.524323 0.22552 0.0370758
6 0.307996 0.579149 0.290726 0.037837
6 0.38402 0.688505 0.445793 0.0347522
6 0.305232 0.246391 0.300734 0.0461335
6 0.300003 0.634326 0.277911 0.0367336
0 0.0936675 0.076145 0.0607739 0.0339022
6 0.270402 0.470052 0.215344 0.0381313
6 0.352719 0.359656 0.387787 0.0364053
3 0.484703 0.974727 0.0599185 0.0328203
7 0.271002 0.972759 0.0577076 0.032252
6 0.362745 0.304698 0.416434 0.0378121
0 0.70286 0.973388 0.0564223 0.0409043
6 0.35197 0.415462 0.385083 0.0364782
6 0.381629 0.742676 0.442926 0.0373287
