6 0.303814 0.2151 0.298033 0.0432769
6 0.312982 0.602215 0.311152 0.0364653
6 0.290855 0.656557 0.261453 0.0370655
0 0.0940347 0.0763531 0.0595833 0.0337533
6 0.33276 0.326934 0.347835 0.0386562
6 0.369604 0.710221 0.422999 0.0367641
6 0.322622 0.437804 0.328045 0.036896
6 0.288734 0.382651 0.256702 0.0377129
6 0.278733 0.492766 0.237157 0.0374002
6 0.321959 0.547285 0.325168 0.0373204
7 0.271094 0.972862 0.0584738 0.0330914
3 0.484678 0.974739 0.0597303 0.0327164
6 0.303494 0.271049 0.294364 0.0406973
0 0.702016 0.973036 0.0554909 0.0407259
6 0.280225 0.763942 0.242937 0.0314512
