1 0.495532 0.863343 0.795928 0.0476398
1 0.496808 0.793776 0.792455 0.0473992
7 0.269671 0.973603 0.0517007 0.0318484
0 0.702261 0.977215 0.0575822 0.0301308
1 0.498878 0.408351 0.826473 0.0513258
3 0.484037 0.975479 0.0653402 0.0333987
1 0.523122 0.19168 0.784163 0.0550528
1 0.840981 0.336742 0.147272 0.0533581
1 0.54072 0.334802 0.754713 0.0583911
0 0.130028 0.069888 0.0696382 0.037647
4 0.894642 0.0739338 0.0336117 0.0382415
1 0.839004 0.407753 0.148678 0.0526831
2 0.508287 0.0216666 0.200981 0.0429408
1 0.50321 0.584731 0.802837 0.0484417
1 0.514672 0.263145 0.809308 0.049181
1 0.488669 0.931388 0.817372 0.0429432
2 0.264359 0.723055 0.350945 0.0539375
1 0.500278 0.652771 0.802797 0.0514919
1 0.498098 0.514412 0.81655 0.0513905
1 0.845855 0.264458 0.150802 0.055087
1 0.495989 0.722741 0.800347 0.0525451
2 0.266357 0.862104 0.347282 0.0506126
