2 0.767659 0.807604 0.268319 0.129594
2 0.601643 0.91441 0.140689 0.0549813
2 0.211764 0.806067 0.264684 0.129776
2 0.870826 0.419052 0.0573295 0.0328554
2 0.371786 0.911807 0.132987 0.0598953
2 0.865597 0.698874 0.0567939 0.0335688
2 0.145405 0.912582 0.0966874 0.0614532
3 0.484028 0.976111 0.0677998 0.0340509
7 0.27264 0.973958 0.0568508 0.0295854
2 0.833206 0.913582 0.095942 0.0614456
0 0.700297 0.976755 0.0548392 0.0320052
0 0.0939296 0.0709974 0.0611893 0.0351326
2 0.208751 0.519452 0.265311 0.133141
2 0.488916 0.530088 0.263813 0.153216
2 0.212985 0.243495 0.267394 0.134706
2 0.882632 0.142607 0.0636402 0.0364105
0 0.88289 0.142707 0.0635049 0.0366466
2 0.493524 0.26451 0.271707 0.17519
2 0.490017 0.807499 0.262376 0.126837
2 0.499095 0.0215796 0.202358 0.0427615
