1 0.492424 0.6482 0.830763 0.104519
3 0.485413 0.975434 0.0698292 0.0372831
2 0.353055 0.536912 0.555749 0.0632856
2 0.226553 0.357467 0.30507 0.0594134
2 0.402606 0.267406 0.658488 0.0602208
2 0.423221 0.448519 0.694109 0.0601135
7 0.270852 0.973836 0.0647537 0.0329616
2 0.396935 0.759184 0.650358 0.0634484
2 0.501175 0.0221944 0.199614 0.0435981
1 0.834906 0.647927 0.156494 0.0571132
2 0.424065 0.174518 0.701555 0.0674063
0 0.702619 0.975198 0.0575383 0.0364181
2 0.886845 0.0783567 0.0670077 0.0314994
