9 0.490737 0.830941 0.912711 0.221446
2 0.451236 0.596735 0.761847 0.0683394
2 0.360293 0.222998 0.551046 0.0574581
2 0.362163 0.373651 0.560885 0.0509933
2 0.449363 0.295828 0.739384 0.0542233
2 0.895441 0.686273 0.0816619 0.0402649
0 0.0939384 0.076068 0.064705 0.0356284
2 0.421615 0.446837 0.686349 0.0495121
7 0.273483 0.973098 0.0563604 0.0346653
2 0.380869 0.521201 0.606073 0.0514259
3 0.484466 0.974862 0.0698686 0.0374043
2 0.0873731 0.683576 0.0875956 0.0443028
2 0.758146 0.683721 0.0680763 0.0339764
4 0.880776 0.445774 0.0245142 0.0317137
4 0.890149 0.221479 0.0303742 0.0376977
4 0.887288 0.297447 0.0260439 0.0331666
2 0.221114 0.682406 0.0663668 0.0321048
4 0.876048 0.59532 0.0295286 0.0349777
4 0.886055 0.372083 0.0235243 0.0313968
4 0.880307 0.520158 0.0209095 0.0306147
2 0.623764 0.682772 0.0699316 0.0332846
0 0.702009 0.975187 0.0636567 0.0376214
2 0.501327 0.0212842 0.199509 0.0414456
2 0.353851 0.68249 0.0819939 0.0275605
2 0.838348 0.0218732 0.0456205 0.0241198
2 0.48937 0.682453 0.0796126 0.0293893
2 0.900157 0.0208166 0.0720133 0.0267127
