8 0.490151 0.395334 0.691027 0.0768425
9 0.48917 0.829424 0.913789 0.224833
8 0.487533 0.309273 0.692381 0.0846693
8 0.486786 0.485223 0.689931 0.0757364
8 0.485278 0.575134 0.682216 0.0721012
2 0.750142 0.0790765 0.222956 0.0554355
7 0.27656 0.974007 0.0563474 0.0348113
3 0.486486 0.975905 0.0699456 0.0374392
2 0.895334 0.68571 0.0837953 0.0429083
2 0.0937712 0.0774484 0.0593814 0.0385876
2 0.76022 0.684342 0.0673598 0.0367998
0 0.704755 0.976461 0.0654373 0.0384274
4 0.910231 0.0794818 0.0360683 0.0399127
8 0.399143 0.64282 0.51269 0.0419172
2 0.499692 0.0218655 0.198923 0.0432356
2 0.624676 0.685654 0.0648191 0.0329022
