1 0.499441 0.246047 0.845921 0.0836474
2 0.301772 0.853819 0.422492 0.0438713
2 0.396612 0.691822 0.592908 0.0435433
2 0.321979 0.608768 0.479118 0.0350995
2 0.307762 0.772406 0.417769 0.0423586
3 0.487442 0.975406 0.0606887 0.0342844
7 0.274069 0.973599 0.049126 0.0304752
0 0.704607 0.974916 0.0513828 0.0360046
2 0.309319 0.338667 0.479138 0.0637219
0 0.093617 0.072012 0.054861 0.0334291
2 0.481152 0.441706 0.821143 0.0867931
2 0.501163 0.0212994 0.201758 0.0422787
2 0.181305 0.541492 0.215019 0.036116
