2 0.339681 0.416355 0.523525 0.0554958
2 0.503907 0.53358 0.859108 0.0603346
2 0.503273 0.607493 0.858337 0.0540957
3 0.488192 0.975585 0.0716846 0.0342051
2 0.682869 0.0742216 0.0605819 0.0318904
2 0.499301 0.825896 0.859271 0.0544443
0 0.705546 0.976188 0.0639041 0.0352314
7 0.273556 0.973645 0.0672445 0.0337749
2 0.799106 0.0753986 0.0654427 0.031521
2 0.508207 0.0220648 0.203398 0.0437089
2 0.912539 0.0746862 0.0530304 0.0355837
2 0.501296 0.753268 0.85777 0.0545635
2 0.503874 0.681888 0.855412 0.0564634
2 0.496995 0.899073 0.852824 0.0569363
