2 0.12431 0.140712 0.144084 0.078711
2 0.693215 0.225335 0.335113 0.0351273
2 0.62189 0.286695 0.192214 0.0314359
2 0.725443 0.0812843 0.0592697 0.0328799
2 0.621545 0.348064 0.187339 0.0330741
2 0.257549 0.346396 0.353942 0.0430243
2 0.903428 0.0812121 0.0640041 0.035547
2 0.81478 0.0810858 0.0576052 0.0332761
2 0.795805 0.920454 0.0724188 0.037492
2 0.487535 0.919628 0.074185 0.0360787
7 0.271958 0.974664 0.0582 0.029364
0 0.700754 0.977178 0.0549383 0.0317152
2 0.179797 0.918521 0.0761578 0.0389935
2 0.258056 0.406544 0.362762 0.0380346
2 0.499264 0.0228496 0.203695 0.0454583
8 0.259028 0.406942 0.362444 0.0390705
3 0.483888 0.976188 0.0704781 0.0343971
2 0.483525 0.975919 0.0704485 0.0352443
2 0.185392 0.285964 0.20143 0.0374974
