2 0.81555 0.637026 0.158658 0.0985293
2 0.381554 0.76208 0.207942 0.102163
2 0.385068 0.385498 0.176438 0.0998506
2 0.600327 0.510215 0.153333 0.10083
2 0.598171 0.761678 0.162595 0.0987938
2 0.383666 0.636361 0.157671 0.100306
2 0.38666 0.25255 0.157204 0.102388
2 0.598062 0.641868 0.187119 0.115711
3 0.484875 0.976361 0.0670724 0.034577
2 0.168901 0.38235 0.154402 0.0986041
2 0.818655 0.762984 0.178316 0.0989465
2 0.166312 0.262601 0.152597 0.0946616
2 0.163242 0.769434 0.161293 0.11962
0 0.70068 0.977098 0.0552436 0.0351465
2 0.597765 0.912486 0.155404 0.081168
7 0.271872 0.974862 0.0572896 0.031737
2 0.161979 0.912118 0.162228 0.0835133
2 0.815614 0.913924 0.157873 0.0815464
2 0.378903 0.911994 0.15724 0.0825103
2 0.166715 0.130661 0.17524 0.127261
2 0.382302 0.516883 0.179377 0.115704
2 0.388212 0.122241 0.154429 0.106408
2 0.819046 0.51033 0.195294 0.102646
2 0.605964 0.384831 0.158337 0.100408
2 0.167906 0.511464 0.155344 0.103595
2 0.715858 0.243939 0.418015 0.0890478
2 0.168192 0.641052 0.195348 0.111751
