2 0.475334 0.85746 0.83974 0.0752517
2 0.462301 0.717846 0.558004 0.0374487
2 0.919903 0.0741156 0.0707199 0.0390511
1 0.494733 0.411801 0.873778 0.0538034
7 0.27294 0.97435 0.05832 0.0312322
3 0.484662 0.975011 0.0694636 0.035852
0 0.701667 0.975479 0.052733 0.0370785
2 0.163191 0.935788 0.220382 0.0281992
1 0.493996 0.267636 0.878656 0.0563607
1 0.499304 0.141023 0.885127 0.0503049
1 0.494786 0.475085 0.877934 0.0495696
2 0.490132 0.341873 0.875674 0.0594316
2 0.190764 0.596007 0.262496 0.0301476
0 0.100291 0.0712596 0.058856 0.0328764
2 0.883955 0.474015 0.0622809 0.0302102
2 0.882394 0.535014 0.0609488 0.0307673
2 0.508069 0.0210961 0.202014 0.0417767
2 0.146445 0.412172 0.196357 0.0335417
1 0.497347 0.204847 0.885746 0.053055
