6 0.282685 0.233554 0.260865 0.0455142
6 0.346756 0.730018 0.381344 0.0387257
6 0.307955 0.566268 0.294924 0.0376261
6 0.274087 0.289217 0.241582 0.0408856
6 0.285772 0.401089 0.251694 0.0382218
6 0.363074 0.674455 0.410992 0.0343228
6 0.280472 0.345761 0.245183 0.0383414
6 0.377717 0.620679 0.435826 0.0358102
0 0.0938436 0.0762348 0.0603224 0.0339642
6 0.308855 0.511208 0.296811 0.0379771
3 0.484589 0.974732 0.059275 0.0333224
7 0.270713 0.972773 0.0569428 0.0326882
0 0.701821 0.973273 0.0571056 0.0413136
6 0.39442 0.455845 0.468343 0.0384256
