2 0.22802 0.861189 0.132502 0.0666614
2 0.48925 0.861086 0.165728 0.0884815
7 0.275631 0.97411 0.0619594 0.0317142
2 0.263823 0.080521 0.0604953 0.0356132
0 0.704892 0.975965 0.061277 0.037162
2 0.746899 0.0818458 0.0638468 0.0349796
2 0.102317 0.078614 0.0561494 0.0376682
2 0.424435 0.0811938 0.0583579 0.0360335
4 0.908602 0.081236 0.0658052 0.0405925
3 0.489433 0.974459 0.0629892 0.0337299
2 0.583233 0.0813762 0.0670386 0.0360781
2 0.842796 0.761324 0.100163 0.0236009
2 0.657475 0.762048 0.191903 0.0203817
