2 0.693285 0.889725 0.389937 0.0736523
2 0.757089 0.508628 0.17632 0.107051
2 0.497386 0.372348 0.192046 0.10723
2 0.222022 0.507601 0.187499 0.105704
2 0.486597 0.509071 0.188645 0.101906
2 0.225695 0.639519 0.187415 0.101962
2 0.235135 0.235199 0.146075 0.108129
2 0.762113 0.378489 0.172137 0.104032
2 0.754804 0.64096 0.140408 0.106327
2 0.499642 0.237535 0.183918 0.104653
2 0.23422 0.374524 0.147061 0.10499
2 0.492863 0.638862 0.160618 0.104988
7 0.276472 0.973966 0.0579528 0.0397766
2 0.766324 0.237029 0.167121 0.110688
2 0.827942 0.0807265 0.0715228 0.0462186
0 0.704343 0.976164 0.0584862 0.0416534
3 0.488094 0.974979 0.0684661 0.0382424
2 0.698463 0.0814551 0.0792821 0.0434147
2 0.277574 0.885458 0.232502 0.0343224
