2 0.554072 0.174924 0.737757 0.0874671
2 0.404306 0.877977 0.433277 0.0615253
2 0.490808 0.79146 0.609712 0.0569644
2 0.407622 0.546043 0.460634 0.0711599
2 0.340854 0.64568 0.300785 0.053924
2 0.363979 0.467072 0.376219 0.04719
0 0.0941221 0.0756472 0.0628549 0.0340325
0 0.705038 0.974899 0.0556855 0.0369481
7 0.274049 0.975518 0.0537887 0.0295666
2 0.302937 0.724778 0.228352 0.02948
2 0.355449 0.267896 0.332438 0.0294852
2 0.500629 0.0215837 0.199184 0.0427765
3 0.489559 0.975417 0.0769717 0.0363531
