1 0.491351 0.820697 0.806326 0.0488964
1 0.494058 0.611616 0.830697 0.0530198
1 0.488218 0.892135 0.817858 0.0515126
1 0.508147 0.256211 0.812349 0.0516391
7 0.27162 0.973277 0.0549937 0.0328042
0 0.702774 0.975971 0.059536 0.0349372
3 0.484067 0.975439 0.0671274 0.0358349
1 0.496434 0.542052 0.827101 0.0545818
1 0.501256 0.185628 0.817321 0.045202
1 0.502716 0.328971 0.814576 0.0533544
1 0.493298 0.750282 0.814746 0.0536184
1 0.498159 0.399725 0.81083 0.0531269
4 0.893993 0.0740996 0.0310897 0.0383469
0 0.129385 0.0709535 0.0684133 0.0349975
2 0.507897 0.0214515 0.201408 0.0424798
1 0.487772 0.679824 0.835124 0.0496998
2 0.238569 0.680306 0.309726 0.0530927
1 0.495776 0.469946 0.810173 0.0559218
6 0.496606 0.470188 0.816427 0.0548137
2 0.27155 0.470827 0.362164 0.0533739
