2 0.172926 0.326838 0.200183 0.100367
2 0.597871 0.720416 0.151297 0.0988096
2 0.608059 0.17339 0.175136 0.0993684
2 0.816935 0.463813 0.17418 0.107183
2 0.607345 0.331167 0.194827 0.0911745
2 0.171609 0.170573 0.158448 0.103233
2 0.81488 0.728399 0.177128 0.113608
2 0.822533 0.325789 0.176498 0.0983809
2 0.605701 0.458381 0.160562 0.0994889
2 0.392329 0.170972 0.198365 0.105895
2 0.391018 0.331006 0.147148 0.0943738
2 0.388524 0.45904 0.167736 0.0974159
2 0.598121 0.839697 0.158703 0.0800685
2 0.385535 0.589319 0.154091 0.097563
2 0.602737 0.588621 0.16863 0.097089
2 0.830911 0.170198 0.161678 0.104036
2 0.385028 0.724742 0.136738 0.0892101
2 0.16822 0.838923 0.159894 0.0801697
2 0.171094 0.464721 0.159621 0.118071
2 0.819359 0.5965 0.146028 0.0885216
2 0.167356 0.731349 0.153644 0.105795
7 0.272417 0.973883 0.0631593 0.0334602
2 0.813508 0.840389 0.167058 0.0803289
2 0.170139 0.596598 0.184663 0.115196
3 0.486838 0.975639 0.0719939 0.0380376
2 0.384179 0.838473 0.158733 0.0777428
0 0.703208 0.975469 0.0614175 0.0385256
8 0.491144 0.912604 0.777971 0.0500431
2 0.505836 0.0225778 0.202226 0.0442209
2 0.890284 0.0717895 0.0564111 0.0335801
2 0.326393 0.0768095 0.221398 0.027481
