2 0.328376 0.833053 0.54409 0.0676338
2 0.32061 0.42216 0.52801 0.0685894
3 0.484513 0.973971 0.0617667 0.0356062
2 0.38707 0.669502 0.646825 0.0646622
4 0.895315 0.0734952 0.0320726 0.0413153
7 0.271426 0.972283 0.0509694 0.0317379
2 0.396887 0.337047 0.669137 0.0664727
2 0.384936 0.753286 0.662914 0.0636854
2 0.392579 0.252935 0.660334 0.0704383
2 0.831982 0.833319 0.191463 0.0488266
2 0.853631 0.167969 0.197356 0.0488626
2 0.369666 0.0728054 0.0657852 0.0416054
2 0.273286 0.503619 0.438653 0.0688012
2 0.391336 0.585987 0.660387 0.0666237
0 0.701422 0.975877 0.0589897 0.0341808
2 0.508666 0.0224812 0.199292 0.0444899
2 0.114407 0.335295 0.117765 0.0617322
2 0.840687 0.504014 0.194682 0.0522413
2 0.838084 0.587236 0.194529 0.052369
2 0.828901 0.90989 0.189769 0.0622898
2 0.835866 0.667956 0.194006 0.0509117
2 0.644795 0.0739144 0.0657998 0.0388007
2 0.10778 0.915446 0.111957 0.0594635
2 0.114684 0.251004 0.115965 0.0603155
2 0.83242 0.749378 0.191563 0.0477392
2 0.113501 0.502027 0.1164 0.0581135
