2 0.601246 0.761063 0.192638 0.100564
2 0.818547 0.761187 0.156151 0.102072
2 0.603384 0.634941 0.160631 0.0996199
2 0.383995 0.760949 0.162815 0.0979075
2 0.821071 0.635722 0.159565 0.0998339
2 0.387824 0.634866 0.162089 0.10089
2 0.389237 0.508844 0.159474 0.102548
3 0.486097 0.976348 0.0674011 0.0346135
2 0.168545 0.768737 0.157378 0.117542
2 0.599386 0.911893 0.155864 0.0803459
2 0.382621 0.911465 0.156501 0.0809601
7 0.27326 0.974478 0.0580874 0.0326065
2 0.163756 0.9115 0.162117 0.0837097
8 0.435791 0.389987 0.738514 0.0636129
0 0.701976 0.976627 0.056862 0.0356238
2 0.817898 0.913933 0.157459 0.0808636
2 0.601834 0.512712 0.178913 0.100173
2 0.82076 0.509492 0.17264 0.100162
2 0.505843 0.0220918 0.211368 0.0440271
2 0.738463 0.391469 0.0582554 0.0372734
2 0.172997 0.50646 0.175949 0.11602
