8 0.486133 0.575241 0.685193 0.0773971
8 0.487423 0.4849 0.687722 0.077762
8 0.488138 0.664623 0.689033 0.0770433
8 0.487946 0.400884 0.691556 0.083104
8 0.48174 0.838755 0.707037 0.0796214
2 0.749533 0.0787278 0.225575 0.0543752
8 0.39831 0.745939 0.507438 0.0760974
2 0.0935899 0.0775425 0.0626138 0.0388813
7 0.274624 0.974367 0.0539951 0.0322882
3 0.487137 0.976302 0.0674598 0.0350906
2 0.703573 0.975931 0.0546148 0.0340885
4 0.910722 0.0792521 0.0349736 0.0388419
2 0.499457 0.0219932 0.200241 0.0434429
