1 0.506785 0.306118 0.797055 0.0657464
1 0.499993 0.393419 0.795237 0.0608026
7 0.273554 0.97278 0.0503624 0.0313805
0 0.702394 0.974771 0.0566848 0.0315062
3 0.487048 0.974176 0.0657794 0.0331398
1 0.494173 0.827164 0.800932 0.0566699
1 0.493537 0.741154 0.797691 0.0608486
1 0.492759 0.913542 0.803659 0.056427
1 0.822321 0.74149 0.147902 0.0494817
1 0.497342 0.481601 0.802274 0.0583588
0 0.12336 0.0705931 0.0472482 0.0333668
1 0.82323 0.655395 0.150147 0.0527775
1 0.82479 0.569391 0.150445 0.055267
2 0.507191 0.0215849 0.204382 0.0422892
1 0.826831 0.482814 0.150379 0.0548994
2 0.299188 0.205761 0.401172 0.0440946
1 0.820371 0.82833 0.147259 0.0483833
