2 0.609034 0.307571 0.163414 0.101521
2 0.171217 0.458747 0.201781 0.097056
2 0.811175 0.59845 0.178244 0.11154
2 0.615156 0.171277 0.200626 0.105276
2 0.826835 0.31107 0.169507 0.0953345
2 0.602306 0.464164 0.195485 0.0893699
2 0.599484 0.590198 0.1595 0.0985107
2 0.380991 0.718767 0.155196 0.0977955
2 0.163264 0.727352 0.182281 0.11466
2 0.811997 0.72644 0.143361 0.0893047
2 0.810213 0.842017 0.157815 0.0822237
2 0.387052 0.463956 0.14767 0.0939746
2 0.392729 0.172157 0.158571 0.103251
2 0.384113 0.589592 0.164166 0.0973722
2 0.836524 0.171213 0.161285 0.104257
2 0.597514 0.719102 0.172053 0.0980328
2 0.166214 0.595881 0.160262 0.115085
2 0.390041 0.312842 0.135151 0.0972029
2 0.175278 0.179619 0.191359 0.116059
2 0.593371 0.839806 0.155188 0.0794449
2 0.815481 0.458305 0.175575 0.098705
7 0.269363 0.972873 0.0652047 0.0333584
2 0.173985 0.320106 0.179381 0.112007
3 0.482947 0.975395 0.0697117 0.0374745
2 0.89321 0.0733989 0.0594666 0.0317098
2 0.380628 0.840533 0.144566 0.067939
0 0.700289 0.976287 0.0620349 0.0386031
8 0.484762 0.911496 0.784591 0.0510834
2 0.1633 0.838902 0.149984 0.0696118
2 0.508331 0.023135 0.20576 0.0435702
