2 0.273839 0.300546 0.377515 0.054963
2 0.316362 0.376474 0.456658 0.0415587
2 0.346332 0.213567 0.555446 0.0626554
2 0.279278 0.511758 0.434063 0.054063
3 0.484797 0.975048 0.0661836 0.0356514
2 0.293562 0.824862 0.46649 0.0329701
2 0.172807 0.884754 0.233684 0.0295689
2 0.263144 0.644157 0.399119 0.0318178
7 0.27105 0.974518 0.0610273 0.0315034
2 0.275355 0.764505 0.430308 0.0339758
2 0.91988 0.0737597 0.0811968 0.0417631
0 0.0999346 0.0713532 0.0570719 0.0351644
2 0.225042 0.703849 0.330523 0.0336797
0 0.701963 0.976103 0.0531572 0.0336311
2 0.363182 0.583949 0.602587 0.0337476
2 0.507501 0.0210839 0.201274 0.041496
2 0.110803 0.942036 0.115307 0.0204537
2 0.199437 0.13865 0.270483 0.0348542
2 0.12139 0.212288 0.105947 0.0567142
