5 0.492699 0.830393 0.918213 0.235511
8 0.487626 0.241368 0.698495 0.0831686
8 0.491498 0.333803 0.68877 0.0782014
8 0.488151 0.510899 0.695489 0.0762953
2 0.750243 0.0810462 0.221242 0.0586302
8 0.403015 0.417708 0.511572 0.0769602
3 0.486311 0.976953 0.0666541 0.0311626
2 0.0945113 0.0770779 0.0516582 0.0345851
7 0.274517 0.974416 0.0619813 0.0346477
8 0.49343 0.151555 0.680127 0.0712709
8 0.350971 0.592249 0.39947 0.0735151
2 0.500198 0.0218709 0.197295 0.0429191
0 0.703257 0.977348 0.0570867 0.0284626
4 0.911287 0.0791999 0.0337902 0.0386685
