1 0.503268 0.224786 0.834142 0.0835613
1 0.494675 0.386345 0.818617 0.04539
1 0.49198 0.617075 0.812336 0.043874
1 0.497293 0.315651 0.821284 0.0461827
3 0.484151 0.975514 0.0627927 0.034672
7 0.271962 0.973537 0.0524964 0.0336127
2 0.276589 0.910023 0.386439 0.0304973
0 0.701916 0.976412 0.0467344 0.0354497
1 0.495917 0.458714 0.817026 0.0566094
2 0.303162 0.684063 0.428786 0.031617
0 0.131132 0.0709217 0.063926 0.0303624
1 0.834691 0.38557 0.146843 0.0506777
2 0.349038 0.844406 0.514915 0.0351267
1 0.837404 0.316144 0.151331 0.054003
