1 0.492518 0.46336 0.814402 0.0405601
3 0.484555 0.975562 0.0662941 0.0365143
1 0.500075 0.229606 0.822122 0.0425876
7 0.27112 0.973118 0.0564433 0.0355709
1 0.50294 0.157543 0.827154 0.0480969
0 0.70214 0.976063 0.0529046 0.0368019
2 0.279573 0.758024 0.382431 0.0358423
1 0.499731 0.303202 0.822562 0.0569483
2 0.407803 0.881458 0.653174 0.0466088
2 0.346526 0.691552 0.515757 0.0382194
0 0.129527 0.0710435 0.0648146 0.0371749
2 0.306538 0.531262 0.432535 0.0339943
2 0.508536 0.0225725 0.201675 0.0449554
