2 0.415329 0.338762 0.666685 0.0458907
2 0.315488 0.595885 0.462471 0.0457664
9 0.490817 0.830344 0.911873 0.221977
2 0.438532 0.20625 0.711709 0.0493555
2 0.191051 0.531806 0.206571 0.0368261
2 0.896501 0.687591 0.0780149 0.0381198
7 0.274299 0.972717 0.0562857 0.0341738
2 0.419514 0.402812 0.673581 0.0426676
3 0.484766 0.974673 0.0695464 0.0376545
2 0.439077 0.46622 0.710446 0.050324
2 0.266707 0.273584 0.360429 0.0408455
2 0.263846 0.14081 0.35625 0.0442975
2 0.506875 0.02115 0.19799 0.0409277
2 0.0922221 0.682184 0.0875919 0.0456478
0 0.702183 0.975635 0.0655941 0.0382385
2 0.356164 0.682568 0.077697 0.0294847
2 0.222321 0.682519 0.0682202 0.0324249
2 0.760568 0.685061 0.0639169 0.0331728
