2 0.246439 0.436612 0.359028 0.0651768
2 0.320128 0.603089 0.526583 0.0666252
2 0.830827 0.848421 0.191157 0.0483017
2 0.38043 0.767097 0.65508 0.0647692
2 0.375276 0.847785 0.65378 0.0683441
3 0.484011 0.974761 0.0636621 0.0356556
7 0.271679 0.973214 0.0511539 0.0317751
2 0.841299 0.436838 0.195363 0.0494036
2 0.503248 0.197088 0.881771 0.0741307
2 0.693249 0.910189 0.0743043 0.0300205
2 0.359059 0.685257 0.599257 0.0644718
2 0.832855 0.766278 0.193404 0.050374
2 0.834767 0.685257 0.195882 0.0498584
0 0.701194 0.976402 0.0490834 0.0336698
2 0.324517 0.52024 0.534665 0.0670424
4 0.895478 0.0731196 0.0327209 0.0387974
2 0.508487 0.0225834 0.200992 0.0446127
2 0.842902 0.518342 0.197423 0.0497762
2 0.644442 0.0735352 0.0728206 0.0360209
2 0.11118 0.681631 0.111308 0.0580692
