2 0.247883 0.211862 0.359895 0.06674
2 0.327017 0.383478 0.526003 0.0680092
2 0.262824 0.795095 0.424656 0.0655256
2 0.391 0.631288 0.659844 0.0642427
2 0.384355 0.549329 0.643673 0.0651657
2 0.327991 0.299561 0.538177 0.0690612
3 0.484708 0.974632 0.0617471 0.0339613
2 0.312139 0.713003 0.514685 0.0671034
2 0.850053 0.213012 0.198458 0.0511147
7 0.271572 0.972819 0.046561 0.028746
2 0.84374 0.382769 0.197809 0.0542389
4 0.895292 0.0736307 0.0282131 0.0388853
2 0.832766 0.794798 0.19162 0.0475181
0 0.70245 0.975537 0.0588253 0.0341926
2 0.831589 0.8932 0.170823 0.0732624
2 0.841548 0.466047 0.196235 0.0526777
2 0.354955 0.467264 0.597263 0.0649493
2 0.838083 0.630531 0.195255 0.049307
2 0.835142 0.712112 0.192139 0.0526651
2 0.507996 0.0223161 0.199207 0.0440817
2 0.114126 0.463231 0.11018 0.0585568
2 0.854942 0.128838 0.199783 0.0468267
2 0.1127 0.629117 0.11445 0.058631
2 0.112121 0.710255 0.11494 0.0598764
