1 0.504377 0.307449 0.805515 0.0779903
1 0.491778 0.831799 0.800247 0.0552734
0 0.702508 0.975181 0.059239 0.030924
7 0.273659 0.972488 0.0479836 0.0301681
3 0.487103 0.973935 0.0630185 0.0321762
1 0.494975 0.746164 0.792745 0.0598368
1 0.494514 0.917181 0.800321 0.055638
1 0.496035 0.398855 0.813941 0.0602768
1 0.827785 0.486704 0.153146 0.0561831
1 0.824 0.573475 0.153493 0.054888
0 0.122485 0.0704873 0.0451936 0.0338479
1 0.822333 0.746066 0.150957 0.0516341
8 0.299493 0.206074 0.388531 0.0396806
1 0.823086 0.659883 0.15243 0.0543254
2 0.506224 0.0227431 0.2015 0.0447801
1 0.501512 0.574005 0.796366 0.0583423
