1 0.495401 0.854024 0.801816 0.0478024
1 0.510361 0.221225 0.805501 0.0483572
1 0.493833 0.644738 0.826578 0.0519691
1 0.49743 0.783194 0.803276 0.0520054
1 0.492317 0.712654 0.814881 0.0525478
0 0.703401 0.976765 0.062192 0.0317829
1 0.495093 0.57409 0.819798 0.0552425
7 0.273 0.973188 0.0532279 0.0329621
3 0.487039 0.975878 0.0679304 0.034351
1 0.491422 0.922704 0.816876 0.0442325
2 0.508651 0.0214265 0.201689 0.0424819
1 0.5102 0.290793 0.819585 0.0503506
1 0.497762 0.431889 0.81048 0.0550926
4 0.893672 0.0740726 0.0284293 0.0392589
0 0.129297 0.0712356 0.0673006 0.0354248
6 0.50203 0.361438 0.816706 0.0541109
1 0.49627 0.504126 0.814175 0.0530831
1 0.497582 0.362121 0.815401 0.0555857
2 0.241671 0.713462 0.315704 0.0529334
6 0.496293 0.50471 0.819651 0.0523682
6 0.497889 0.432515 0.814824 0.0524807
2 0.273116 0.504412 0.364156 0.0526161
2 0.269941 0.363399 0.354017 0.0552653
