2 0.486384 0.881374 0.767034 0.0618915
2 0.721726 0.0806712 0.108636 0.0607606
2 0.192157 0.270308 0.130481 0.0724931
8 0.336867 0.0768894 0.5139 0.0636815
2 0.658385 0.181993 0.129704 0.0727666
2 0.34683 0.271946 0.132023 0.0723861
2 0.347426 0.179709 0.133128 0.0726448
2 0.653716 0.272796 0.133495 0.0760785
2 0.192321 0.177815 0.13215 0.0713772
0 0.698671 0.977867 0.0603595 0.0346767
3 0.483123 0.976024 0.0652484 0.036155
7 0.269408 0.974446 0.0596418 0.0313606
2 0.500561 0.271839 0.132217 0.0759366
2 0.814902 0.179008 0.13667 0.0752339
2 0.875495 0.0820077 0.104745 0.0592494
4 0.875615 0.0817175 0.104025 0.0591407
2 0.510879 0.0221003 0.201874 0.0436305
