2 0.234896 0.259919 0.352833 0.0595289
2 0.384698 0.351393 0.658711 0.0620745
3 0.486937 0.975487 0.0633707 0.0362659
2 0.479832 0.663574 0.853964 0.057963
0 0.704362 0.975902 0.0492341 0.0368576
2 0.456101 0.572198 0.80649 0.0610162
7 0.273874 0.973197 0.0519461 0.0335812
2 0.367088 0.431842 0.604199 0.0343298
1 0.507748 0.176378 0.900349 0.0551749
2 0.302438 0.49436 0.478005 0.0361952
2 0.509497 0.0214782 0.203005 0.0427472
0 0.101334 0.07689 0.0613609 0.0336743
2 0.35788 0.832248 0.611119 0.0876257
2 0.305291 0.918661 0.504779 0.0342636
2 0.261019 0.740129 0.405928 0.0325997
