6 0.293726 0.638357 0.267541 0.0362003
6 0.311724 0.745543 0.30662 0.033879
6 0.277545 0.474254 0.232571 0.0370127
6 0.29012 0.36441 0.265483 0.0371624
6 0.264469 0.69229 0.213766 0.035404
6 0.345541 0.583213 0.373007 0.0357057
0 0.0934948 0.0761302 0.0604847 0.0340937
6 0.371083 0.529292 0.421801 0.0368208
6 0.323705 0.250304 0.33673 0.0487534
6 0.372031 0.420689 0.427752 0.038924
0 0.702044 0.973358 0.0561895 0.040214
7 0.271182 0.972842 0.0581631 0.0334713
6 0.316878 0.308899 0.318867 0.0408316
3 0.485056 0.974718 0.0605542 0.0325996
