2 0.599174 0.911417 0.136767 0.0650528
2 0.368876 0.91115 0.0879864 0.0630471
2 0.830939 0.911026 0.100084 0.0647495
3 0.4828 0.975782 0.0682135 0.0345741
2 0.137856 0.909089 0.0936735 0.0610898
2 0.385571 0.135981 0.148664 0.0342933
7 0.270825 0.972808 0.0548695 0.0340058
0 0.699028 0.976956 0.0535252 0.0349434
2 0.759073 0.0734166 0.0723187 0.0385935
2 0.172239 0.134744 0.177077 0.0309887
2 0.822058 0.136471 0.194473 0.0310655
2 0.591539 0.137779 0.17138 0.034414
2 0.511352 0.0232646 0.210436 0.0461132
