2 0.597295 0.76131 0.195276 0.100214
2 0.816472 0.761227 0.15651 0.10196
2 0.384162 0.635723 0.163322 0.10043
2 0.817234 0.635902 0.161152 0.100731
2 0.380435 0.760979 0.163695 0.0979769
2 0.600851 0.636471 0.149114 0.0954525
3 0.486777 0.976579 0.0666313 0.0342894
2 0.165582 0.769602 0.156897 0.116403
2 0.383932 0.509183 0.161369 0.103169
2 0.162089 0.911829 0.16148 0.0823948
2 0.597777 0.912404 0.154296 0.0814892
7 0.273656 0.975008 0.0576263 0.031879
0 0.702598 0.976958 0.0549995 0.035142
2 0.379636 0.912361 0.156189 0.0812908
2 0.815544 0.91409 0.15687 0.0806538
8 0.44858 0.390145 0.767976 0.0642762
2 0.598439 0.512211 0.179458 0.102032
2 0.168811 0.636954 0.144594 0.0978516
2 0.813432 0.505048 0.175492 0.10546
2 0.733155 0.391923 0.0575677 0.0370256
2 0.168524 0.50802 0.173456 0.117454
2 0.498424 0.0223427 0.208585 0.0445719
