2 0.123891 0.140936 0.144317 0.0778079
2 0.692236 0.224976 0.335175 0.0346322
2 0.621947 0.286824 0.192892 0.0311672
2 0.621541 0.347785 0.187394 0.0327809
2 0.724999 0.0813656 0.0577603 0.0325238
2 0.814352 0.0810583 0.0590227 0.0331931
2 0.903172 0.0810136 0.0637466 0.0352312
2 0.795574 0.920686 0.070671 0.0370693
2 0.258618 0.40668 0.363491 0.0371376
2 0.487342 0.919462 0.0749969 0.0350473
7 0.274302 0.97472 0.058985 0.0284434
0 0.702891 0.976697 0.0548654 0.0307132
2 0.258891 0.346554 0.351984 0.0409932
2 0.180105 0.918815 0.0766089 0.0384262
2 0.485906 0.976039 0.0714724 0.0346477
2 0.499042 0.022831 0.203775 0.0454114
2 0.184824 0.285608 0.198358 0.0354855
3 0.486252 0.976334 0.0712325 0.0338195
