7 0.275735 0.974175 0.0619032 0.0319706
2 0.493641 0.690292 0.0879047 0.0507553
2 0.363016 0.759225 0.0953045 0.0249924
2 0.491293 0.859632 0.165142 0.0915414
2 0.226852 0.859857 0.133155 0.0712704
3 0.489226 0.975051 0.0651687 0.0347688
0 0.705525 0.975977 0.0595954 0.0376475
2 0.797786 0.761287 0.137739 0.0250273
2 0.755106 0.857291 0.137923 0.0654978
2 0.631364 0.760851 0.117399 0.0205774
2 0.506975 0.081358 0.0810971 0.0431177
2 0.706614 0.0811779 0.078406 0.0423466
2 0.84754 0.692476 0.0832401 0.042748
2 0.305384 0.08005 0.115116 0.0455115
4 0.905374 0.0809487 0.0710371 0.0453404
2 0.490652 0.759836 0.0831897 0.0256981
2 0.922555 0.761013 0.0488533 0.0254446
2 0.103119 0.0785271 0.0621574 0.0382286
2 0.384443 0.690129 0.0702387 0.0403263
2 0.60636 0.690416 0.0754225 0.0437818
2 0.177808 0.760526 0.201251 0.026993
