3 0.48533 0.97514 0.0669695 0.036076
2 0.48057 0.778771 0.844118 0.0705892
7 0.271097 0.973803 0.0611354 0.0317806
2 0.438458 0.6405 0.616183 0.0396337
2 0.50762 0.0210368 0.200097 0.0413544
0 0.702119 0.975825 0.05137 0.034882
2 0.91971 0.0739947 0.0681842 0.0361551
0 0.100191 0.0718043 0.0606386 0.0335098
2 0.166985 0.858292 0.222421 0.0305305
2 0.130798 0.394237 0.166835 0.0342921
2 0.190675 0.517319 0.260861 0.0309187
1 0.491982 0.184296 0.884657 0.0574407
2 0.887215 0.394325 0.0634809 0.0310817
2 0.307831 0.919253 0.501539 0.0334396
1 0.498361 0.332242 0.88457 0.0518488
2 0.494152 0.259228 0.877886 0.0605627
2 0.146901 0.331661 0.192716 0.0338632
2 0.889317 0.331469 0.0666884 0.0333045
1 0.494371 0.259177 0.882226 0.0588016
