2 0.602362 0.547181 0.170499 0.0861032
2 0.816265 0.803664 0.181283 0.0997936
2 0.384026 0.80646 0.202047 0.120338
2 0.383063 0.670554 0.156928 0.0942896
2 0.165781 0.798235 0.15415 0.0991778
2 0.596316 0.804581 0.157408 0.0942335
2 0.815549 0.672629 0.185998 0.0962572
2 0.600039 0.670715 0.154899 0.0977856
2 0.380243 0.408841 0.194066 0.0966654
2 0.824982 0.408646 0.155007 0.097204
2 0.610912 0.277237 0.17145 0.0991578
2 0.819883 0.542536 0.163481 0.0938796
2 0.172528 0.139159 0.158 0.101736
2 0.830432 0.283361 0.161299 0.0915126
2 0.393118 0.278908 0.13569 0.0932786
2 0.386259 0.544674 0.143516 0.0964388
2 0.16858 0.670327 0.149209 0.0990748
2 0.175488 0.277552 0.147679 0.103796
2 0.17175 0.413384 0.146029 0.0902609
2 0.606844 0.408525 0.154638 0.096552
7 0.270219 0.972534 0.059963 0.03556
2 0.170753 0.543806 0.124183 0.100715
2 0.891902 0.0722626 0.0590786 0.0309076
2 0.597053 0.132655 0.209897 0.127467
2 0.834077 0.154499 0.179963 0.112337
3 0.48428 0.97445 0.0708003 0.0376553
0 0.702061 0.97564 0.0556668 0.036972
2 0.3913 0.142598 0.144204 0.10428
8 0.495831 0.911424 0.788712 0.0540745
2 0.32699 0.0772404 0.216822 0.0245338
2 0.506914 0.0224648 0.205974 0.0428903
