2 0.341739 0.610202 0.301516 0.0554276
2 0.40358 0.841703 0.432799 0.0606947
2 0.350533 0.521824 0.321616 0.0536333
7 0.274224 0.973772 0.0540861 0.0334195
3 0.487336 0.975055 0.0625458 0.0353954
2 0.368982 0.916686 0.361494 0.0310997
2 0.358714 0.431259 0.335113 0.0528139
2 0.491371 0.75553 0.603622 0.0544864
0 0.0939075 0.0758091 0.0604914 0.0323103
0 0.704143 0.97539 0.0493574 0.0373822
2 0.500858 0.0215369 0.197776 0.0425086
2 0.302411 0.689776 0.224004 0.0304682
2 0.354188 0.231699 0.330065 0.0287622
