6 0.284869 0.415092 0.246924 0.0371895
6 0.304351 0.688153 0.289776 0.0355635
6 0.307876 0.579909 0.293615 0.0376463
6 0.266965 0.470254 0.208847 0.0366802
6 0.290419 0.634317 0.260806 0.0362809
6 0.406635 0.304202 0.499438 0.0441327
6 0.330046 0.524876 0.337207 0.0365541
6 0.308336 0.742432 0.296308 0.0347027
0 0.0939567 0.0762792 0.0611912 0.0339565
7 0.270944 0.972837 0.0582244 0.0330156
3 0.484622 0.974374 0.0590484 0.0320623
0 0.702413 0.972999 0.0554524 0.0414253
6 0.439972 0.360128 0.566568 0.0398097
6 0.415581 0.247178 0.520865 0.0488991
