6 0.283122 0.688311 0.247832 0.0346519
6 0.463212 0.304086 0.608887 0.0528954
6 0.310949 0.634331 0.30162 0.0360556
6 0.288762 0.741861 0.258209 0.0347156
6 0.350265 0.415966 0.379956 0.0369982
0 0.0942651 0.0759505 0.0618136 0.0342262
6 0.342192 0.360927 0.362725 0.0342093
7 0.271229 0.972923 0.0570916 0.0324523
6 0.428149 0.579951 0.537997 0.0373596
6 0.412595 0.471097 0.503066 0.036055
6 0.440409 0.526342 0.564629 0.0376377
3 0.484468 0.974384 0.0589659 0.0319077
0 0.702166 0.972974 0.0559606 0.0414684
6 0.349905 0.24618 0.388047 0.0462676
