3 0.487215 0.976218 0.0630222 0.0321234
6 0.294767 0.564828 0.256683 0.0361988
6 0.320905 0.400355 0.307549 0.0365205
6 0.2989 0.34482 0.261776 0.0364423
6 0.303596 0.456558 0.271509 0.0375822
6 0.292778 0.510489 0.251802 0.0349407
6 0.311666 0.619411 0.293132 0.035819
6 0.318757 0.728226 0.308194 0.0360691
7 0.273689 0.974256 0.0555381 0.0319205
6 0.34098 0.288291 0.349751 0.0384744
2 0.710205 0.815529 0.199275 0.0363437
0 0.704035 0.976152 0.06479 0.0393822
0 0.101924 0.0756058 0.0587888 0.0350507
6 0.388801 0.674203 0.448311 0.0334761
6 0.441338 0.232194 0.557699 0.0421537
1 0.542796 0.566242 0.760439 0.0469206
