6 0.28667 0.688261 0.257846 0.0347888
6 0.276202 0.742007 0.236585 0.0345957
6 0.341131 0.579221 0.36073 0.0360895
6 0.297586 0.415242 0.275694 0.0369693
6 0.31314 0.634268 0.310136 0.0358452
0 0.093827 0.0762425 0.0603063 0.0335504
6 0.282456 0.52498 0.244523 0.0365594
6 0.324063 0.245989 0.337074 0.0466277
7 0.271134 0.972811 0.0582573 0.0330779
6 0.338005 0.359684 0.357473 0.0369622
6 0.310373 0.470223 0.296861 0.0373838
6 0.321096 0.304463 0.330213 0.0394898
3 0.485042 0.974348 0.0582108 0.0316509
0 0.703135 0.973164 0.0568597 0.040551
