2 0.383296 0.655396 0.611647 0.0534059
2 0.269467 0.497555 0.378775 0.0366995
2 0.202252 0.387687 0.238912 0.0348205
2 0.178209 0.331725 0.192473 0.0319949
2 0.207172 0.161519 0.253405 0.0363003
2 0.187897 0.275412 0.206921 0.0320385
2 0.261055 0.553637 0.364614 0.0371078
7 0.273916 0.973229 0.0604554 0.0345047
0 0.704259 0.975932 0.0600409 0.0328847
3 0.487229 0.97454 0.0678369 0.0346134
2 0.872035 0.0802904 0.0869654 0.0484641
2 0.248559 0.442717 0.333165 0.0384228
2 0.499415 0.022289 0.200185 0.0438165
2 0.194941 0.218122 0.230924 0.033975
