6 0.284295 0.637774 0.252061 0.0357912
6 0.296959 0.745526 0.277656 0.033068
6 0.29036 0.307984 0.268391 0.0394801
6 0.28934 0.364089 0.261309 0.037778
6 0.288337 0.58389 0.259757 0.0367369
0 0.0936353 0.076273 0.0600469 0.0339175
6 0.273964 0.692447 0.231851 0.0350536
6 0.365078 0.250742 0.42068 0.0494717
6 0.305778 0.529178 0.295111 0.0372065
6 0.250297 0.419321 0.18238 0.0359943
7 0.271067 0.972718 0.0581639 0.0337029
6 0.299115 0.473792 0.278261 0.0373619
0 0.70178 0.973446 0.0585381 0.0404713
3 0.484982 0.974482 0.0590127 0.0321614
