2 0.811008 0.774281 0.165643 0.097271
2 0.830895 0.251643 0.175763 0.0942039
2 0.376161 0.772165 0.195581 0.0966084
2 0.60261 0.247566 0.192069 0.101051
2 0.825329 0.381975 0.157799 0.100423
2 0.174544 0.245875 0.19646 0.100807
2 0.599617 0.646749 0.168764 0.0934601
2 0.172212 0.378823 0.17197 0.100047
2 0.168885 0.775903 0.140965 0.0901119
2 0.602539 0.515997 0.155097 0.101956
2 0.384622 0.648799 0.135307 0.0930193
2 0.169919 0.51183 0.157059 0.0961817
2 0.817251 0.649817 0.163471 0.0920765
2 0.391245 0.380857 0.164102 0.0975095
2 0.169347 0.64429 0.141994 0.102788
2 0.392578 0.249544 0.151024 0.0977542
2 0.59773 0.772604 0.157418 0.0992218
2 0.387196 0.515749 0.146771 0.100963
2 0.819855 0.528005 0.176191 0.113206
7 0.270577 0.972856 0.060009 0.0349636
2 0.611488 0.38539 0.144206 0.102141
2 0.394725 0.129769 0.134302 0.0676143
0 0.702114 0.975311 0.0556987 0.0384075
2 0.834815 0.139548 0.177972 0.0865922
3 0.484044 0.974284 0.0706086 0.0375979
2 0.327382 0.0768796 0.218367 0.0262095
2 0.891771 0.072503 0.0546229 0.0320303
2 0.618293 0.129402 0.161508 0.075524
2 0.507623 0.0221424 0.202071 0.0433392
8 0.497031 0.911095 0.789485 0.0554022
