2 0.227907 0.859811 0.128827 0.0711336
7 0.275719 0.974044 0.062134 0.0325835
2 0.631621 0.760769 0.117132 0.0241926
2 0.364348 0.759388 0.0944695 0.0252586
2 0.846702 0.692494 0.0862408 0.0479642
2 0.491659 0.860318 0.171839 0.0933716
2 0.603469 0.693139 0.0859074 0.0466417
2 0.75476 0.85761 0.127843 0.0682745
2 0.797707 0.762972 0.134449 0.0250683
2 0.493146 0.692177 0.0880717 0.048764
2 0.490445 0.759778 0.0755082 0.0242602
2 0.381693 0.691869 0.0844038 0.0457062
2 0.170374 0.277355 0.186334 0.105862
2 0.405739 0.0854477 0.200399 0.0514236
0 0.705045 0.975844 0.0604216 0.0382824
3 0.489333 0.974848 0.0647543 0.0354564
2 0.172574 0.379697 0.072874 0.0378744
2 0.602421 0.164525 0.0659254 0.0337942
2 0.389265 0.380504 0.078553 0.0407102
2 0.799783 0.16433 0.0901007 0.0537292
2 0.608412 0.281933 0.144887 0.111047
2 0.206153 0.163652 0.192669 0.0463577
2 0.802618 0.0865964 0.0881537 0.0435011
2 0.391205 0.28072 0.147534 0.108676
2 0.406602 0.163343 0.0627065 0.0286461
2 0.92409 0.761425 0.0477523 0.0229638
2 0.188595 0.0867164 0.157733 0.0404011
2 0.604367 0.0875509 0.0889728 0.0290124
2 0.828713 0.253153 0.0766688 0.0370251
