2 0.486042 0.891648 0.79482 0.0695469
3 0.487074 0.975119 0.0697402 0.0376106
7 0.273466 0.974054 0.0528586 0.0345661
2 0.320149 0.729298 0.453383 0.0601436
2 0.343087 0.642555 0.497756 0.0576367
2 0.770319 0.731235 0.240119 0.0529869
0 0.703577 0.975829 0.0556272 0.040136
2 0.321868 0.294821 0.448657 0.0584847
2 0.299353 0.213193 0.402088 0.050099
0 0.12692 0.0714221 0.0635563 0.0360056
2 0.145143 0.813644 0.109694 0.0558947
2 0.315961 0.382188 0.417753 0.0576733
2 0.320575 0.81335 0.457061 0.0612741
2 0.294549 0.556524 0.400812 0.0580827
2 0.297849 0.470802 0.406892 0.0594614
