9 0.492014 0.828107 0.91672 0.225765
8 0.501756 0.247697 0.885116 0.0533947
7 0.274688 0.973382 0.0558381 0.0341674
3 0.48456 0.975501 0.0701274 0.0373178
2 0.0879754 0.683971 0.081409 0.0430361
2 0.507883 0.0211134 0.199601 0.0416509
2 0.897808 0.6858 0.0821796 0.0435215
0 0.100883 0.0706258 0.0604674 0.0344824
2 0.626729 0.684405 0.0659345 0.0380266
2 0.761092 0.6845 0.0698062 0.0362375
0 0.702998 0.976693 0.0640056 0.0382881
2 0.92031 0.0740376 0.0705559 0.0366566
2 0.222893 0.682468 0.0657081 0.0348894
2 0.35637 0.683519 0.0685886 0.0233156
2 0.492374 0.683826 0.0563387 0.0290621
8 0.502494 0.328415 0.886948 0.0455728
8 0.486802 0.435855 0.865113 0.0534142
