1 0.49167 0.487021 0.810579 0.0512162
1 0.496957 0.254488 0.82415 0.0454292
1 0.499711 0.182471 0.831445 0.0498447
3 0.484615 0.974042 0.066266 0.0358353
7 0.271736 0.972874 0.055875 0.0339759
2 0.403384 0.877683 0.648534 0.0528038
0 0.70316 0.974947 0.0526744 0.0368269
1 0.498561 0.329262 0.823455 0.0606507
2 0.237336 0.690423 0.309158 0.0329744
2 0.264402 0.623083 0.345977 0.0309685
0 0.124836 0.0713345 0.0611043 0.0298568
2 0.234979 0.75846 0.303482 0.0348002
2 0.507236 0.0219093 0.201854 0.0436051
2 0.199771 0.555315 0.233157 0.0352115
