7 0.274345 0.974114 0.0531906 0.0310326
2 0.491699 0.490796 0.295768 0.0564463
2 0.482159 0.62736 0.30039 0.0492151
2 0.83395 0.913641 0.109565 0.0594349
2 0.143816 0.912009 0.0993866 0.0578975
2 0.37075 0.911402 0.126734 0.0571689
2 0.855006 0.698667 0.0577009 0.0333821
0 0.702761 0.976632 0.0524047 0.0316067
3 0.487088 0.975766 0.0665359 0.0329332
2 0.376116 0.0670557 0.132756 0.0262693
2 0.163961 0.067049 0.166148 0.0205329
2 0.601224 0.914106 0.14323 0.0542514
2 0.583616 0.0679197 0.158767 0.0270391
2 0.203202 0.625379 0.255005 0.0525592
2 0.499409 0.0219577 0.20037 0.0432859
2 0.763829 0.796274 0.26694 0.137463
2 0.814991 0.0676915 0.198806 0.0237515
2 0.789268 0.62732 0.309706 0.0557578
