1 0.50045 0.812037 0.782968 0.0529453
1 0.499949 0.319014 0.821554 0.0565257
1 0.497832 0.391142 0.821728 0.0525043
1 0.506349 0.247146 0.811033 0.0539995
1 0.496024 0.463791 0.820831 0.0544457
3 0.486863 0.97547 0.0637169 0.0326234
1 0.496906 0.743175 0.803667 0.0500927
1 0.496411 0.532556 0.820655 0.0497725
1 0.536076 0.882186 0.716242 0.0423259
0 0.704195 0.976517 0.0680657 0.0331634
1 0.496848 0.602481 0.818557 0.0557552
7 0.273357 0.97372 0.0524076 0.0305802
4 0.89445 0.0734341 0.0338639 0.0395537
1 0.495669 0.671301 0.818846 0.0542716
0 0.128981 0.0711304 0.0662789 0.0371597
1 0.519586 0.176406 0.7807 0.0458326
2 0.508197 0.0217495 0.201412 0.0429699
2 0.246916 0.671133 0.322246 0.0517893
