2 0.690927 0.225246 0.33414 0.0348384
2 0.722325 0.0812427 0.0574616 0.0332239
2 0.619538 0.286389 0.193512 0.0319589
2 0.618915 0.347906 0.189208 0.0334822
2 0.812022 0.081091 0.0588295 0.0327329
2 0.121452 0.141183 0.144419 0.0770725
2 0.900783 0.0810653 0.0636537 0.0346087
2 0.485769 0.91967 0.0737654 0.0351318
2 0.793177 0.920496 0.0712059 0.0369659
2 0.255567 0.40643 0.362391 0.0355217
2 0.255845 0.345641 0.353135 0.0409705
7 0.274183 0.974585 0.0571232 0.028086
0 0.702912 0.977134 0.0577034 0.0315926
2 0.177066 0.918842 0.0729047 0.038438
3 0.486378 0.976095 0.0708863 0.0341232
2 0.499047 0.022724 0.202952 0.0451257
2 0.486202 0.975717 0.0708433 0.0347527
