1 0.492799 0.708524 0.816297 0.0519581
1 0.495727 0.499857 0.828766 0.0533924
1 0.490275 0.918453 0.817843 0.0482516
1 0.496006 0.847683 0.795345 0.045979
1 0.492796 0.779282 0.804407 0.0490841
0 0.704458 0.976313 0.0594791 0.0316597
1 0.507364 0.214999 0.817361 0.0507129
7 0.273141 0.973428 0.0520749 0.0329026
1 0.497955 0.429173 0.828799 0.0544644
3 0.486712 0.975577 0.0681863 0.0346565
1 0.504987 0.284747 0.821876 0.053232
1 0.495346 0.568368 0.823315 0.0540558
2 0.50866 0.0217647 0.202072 0.0430852
4 0.893874 0.0736586 0.0291369 0.0398712
0 0.129798 0.0713463 0.0676095 0.0365791
1 0.497098 0.638358 0.821602 0.0559486
1 0.504896 0.357079 0.827449 0.0536833
6 0.500525 0.357465 0.823287 0.053732
