6 0.311293 0.745621 0.307172 0.0336073
6 0.292059 0.63826 0.262718 0.0359793
6 0.298328 0.584027 0.277318 0.0371325
6 0.321666 0.692323 0.323636 0.0361347
6 0.272181 0.419984 0.225097 0.0371933
0 0.0934701 0.0761687 0.0601475 0.0340006
6 0.313002 0.364111 0.30685 0.0380647
6 0.322785 0.251116 0.333874 0.049234
6 0.32473 0.474083 0.328945 0.0376541
6 0.289429 0.30766 0.267481 0.0412363
7 0.270724 0.972841 0.0586289 0.0328701
0 0.702248 0.973304 0.0566829 0.0408258
6 0.421241 0.529418 0.523281 0.0370895
3 0.484639 0.974396 0.059317 0.0319718
0 0.720368 0.163491 0.0673262 0.0370382
