9 0.49185 0.828915 0.915276 0.225033
2 0.608701 0.285577 0.206638 0.0916391
2 0.394439 0.28602 0.205131 0.0931875
2 0.830006 0.184837 0.208323 0.0966019
2 0.181551 0.181474 0.206927 0.0963333
2 0.61254 0.183921 0.208506 0.0944174
2 0.179411 0.284983 0.201502 0.091905
7 0.273665 0.973998 0.0571864 0.0357634
3 0.48423 0.976067 0.0701625 0.037502
2 0.397406 0.182287 0.207219 0.0964594
0 0.140602 0.074945 0.0549768 0.0388787
2 0.824667 0.285867 0.20704 0.0909811
2 0.0870469 0.68477 0.0822421 0.0407179
0 0.701564 0.976674 0.0646119 0.038535
2 0.897294 0.687136 0.0837831 0.0418192
2 0.761064 0.68542 0.0634757 0.0322933
2 0.493038 0.68334 0.0575112 0.0301389
2 0.626713 0.684721 0.0653324 0.033628
2 0.222456 0.683664 0.0590985 0.031649
2 0.356399 0.683863 0.0683865 0.0265852
