2 0.228223 0.860978 0.131505 0.0663055
2 0.489594 0.860812 0.163868 0.0880893
7 0.275893 0.974221 0.0622621 0.0326058
2 0.263904 0.0804498 0.0611735 0.0350675
0 0.705258 0.975827 0.062644 0.0384511
2 0.74708 0.081812 0.0639701 0.0348638
2 0.424701 0.0811631 0.0590495 0.0356534
3 0.489563 0.974629 0.0639499 0.0343693
2 0.583188 0.0812967 0.0678925 0.0360628
4 0.908793 0.0813132 0.0652063 0.0401142
2 0.848404 0.761631 0.098141 0.0251816
2 0.102294 0.0788459 0.057631 0.0377989
2 0.663553 0.762245 0.189985 0.0230183
2 0.492316 0.760386 0.0636958 0.0213734
