2 0.604517 0.692165 0.0862628 0.0468287
7 0.275728 0.974123 0.0626825 0.0328697
2 0.227529 0.860041 0.128567 0.0688865
2 0.493585 0.692005 0.088389 0.0488363
2 0.491471 0.860623 0.170797 0.0921713
2 0.382011 0.691408 0.0838505 0.0456927
2 0.639463 0.760369 0.0840432 0.0261839
0 0.705372 0.975908 0.0617349 0.039723
2 0.186698 0.759537 0.0725349 0.0205036
2 0.327267 0.760254 0.117874 0.0213627
3 0.489479 0.974755 0.0649859 0.0362356
2 0.755351 0.859602 0.123802 0.0693627
2 0.0747781 0.758876 0.0618065 0.018279
4 0.905534 0.0817346 0.0682509 0.045177
2 0.491811 0.7603 0.138877 0.0290307
