1 0.501497 0.333756 0.809806 0.0635465
0 0.70217 0.975592 0.0585708 0.030482
7 0.273914 0.973127 0.0475565 0.0285778
3 0.486692 0.974221 0.0683066 0.033278
1 0.826989 0.509314 0.151535 0.0565187
1 0.51503 0.854082 0.751025 0.0557328
1 0.823572 0.595415 0.14959 0.0564373
1 0.822824 0.682653 0.152666 0.053812
0 0.122912 0.0705296 0.0452695 0.0335067
1 0.497612 0.931782 0.806946 0.0416073
1 0.496418 0.768635 0.79388 0.0573699
1 0.540852 0.254787 0.730759 0.0476861
1 0.829196 0.422094 0.154612 0.0564071
1 0.821467 0.768536 0.146159 0.049627
