6 0.328543 0.688215 0.337975 0.0353794
6 0.293557 0.246455 0.280784 0.0478733
6 0.328732 0.633811 0.338424 0.0365688
6 0.350123 0.579894 0.376481 0.0371296
6 0.325305 0.742406 0.328711 0.0345748
0 0.093558 0.0759218 0.0602035 0.0342775
6 0.325248 0.415757 0.329979 0.0363428
6 0.268578 0.304149 0.226726 0.0387557
6 0.326948 0.525256 0.33253 0.0376168
7 0.271095 0.97298 0.0580153 0.0326202
6 0.298707 0.470531 0.274534 0.0379616
3 0.48438 0.974337 0.0584512 0.0318645
6 0.317865 0.358973 0.319843 0.0383433
0 0.702665 0.972919 0.0574748 0.0405106
