2 0.269383 0.68933 0.425077 0.0508456
2 0.384828 0.606933 0.655143 0.0525806
2 0.453727 0.514995 0.792759 0.0713926
2 0.433365 0.21349 0.741446 0.059868
2 0.463569 0.412499 0.817566 0.0727521
3 0.48508 0.9745 0.0570901 0.0316285
7 0.271739 0.972989 0.0446504 0.0290257
2 0.921121 0.0742602 0.0711187 0.0417492
1 0.487143 0.92273 0.88138 0.070417
0 0.101264 0.0712813 0.0553189 0.0324085
2 0.424373 0.309713 0.733963 0.0768954
0 0.702251 0.975401 0.0546349 0.0300884
2 0.35037 0.83137 0.584679 0.0549728
2 0.507609 0.0211917 0.202461 0.0419375
