0 0.703369 0.975162 0.0595441 0.0318748
1 0.502602 0.301552 0.80431 0.0688189
7 0.273619 0.972685 0.0536378 0.0311651
1 0.506262 0.909472 0.7856 0.0581295
1 0.505143 0.389112 0.798912 0.0634569
3 0.486781 0.974436 0.0689837 0.0335881
1 0.492444 0.736332 0.803311 0.0603954
1 0.499033 0.651882 0.796993 0.0582484
1 0.822256 0.737002 0.147743 0.0499994
1 0.492274 0.822844 0.804499 0.0604191
1 0.823688 0.651 0.14993 0.0516483
1 0.825761 0.564426 0.148785 0.0533615
1 0.821517 0.823961 0.142948 0.0471263
1 0.827679 0.477858 0.151872 0.0533129
0 0.122613 0.0705546 0.0447398 0.0332257
1 0.49626 0.56343 0.806206 0.0613499
2 0.507078 0.0218598 0.203513 0.0428111
8 0.297598 0.205888 0.39657 0.0433446
