2 0.379603 0.846357 0.591285 0.0573573
2 0.243804 0.43993 0.313814 0.048149
2 0.403243 0.633905 0.630784 0.0498471
2 0.297593 0.772799 0.423588 0.0451537
3 0.485723 0.975142 0.0643131 0.035199
2 0.427568 0.505753 0.687848 0.0453739
2 0.507264 0.0209986 0.198775 0.0416418
7 0.273567 0.973331 0.0510174 0.0304088
2 0.343443 0.189796 0.516361 0.0490152
2 0.390175 0.705425 0.606095 0.0527241
0 0.702234 0.975503 0.0516068 0.0370946
2 0.41539 0.309633 0.665071 0.0410557
2 0.128929 0.9227 0.0825844 0.0483692
2 0.375155 0.916565 0.595604 0.0497185
2 0.49095 0.377937 0.815204 0.0407355
