1 0.498247 0.732596 0.797956 0.0504774
1 0.501572 0.308784 0.824263 0.0554768
1 0.505219 0.802375 0.782631 0.0513306
1 0.512448 0.872559 0.768372 0.0489243
1 0.502625 0.237407 0.819122 0.0504173
3 0.486646 0.975709 0.0699237 0.0344024
7 0.273569 0.974546 0.0539568 0.0290463
0 0.704668 0.976322 0.0623845 0.0327366
1 0.491458 0.663778 0.812269 0.0496416
1 0.498436 0.381027 0.833305 0.0558046
1 0.499699 0.454402 0.825399 0.055009
2 0.508529 0.0215557 0.201641 0.0426302
4 0.893858 0.0738768 0.0320155 0.0396156
0 0.129462 0.0710883 0.0674711 0.0367679
1 0.491736 0.591357 0.821768 0.0557165
1 0.501764 0.521441 0.820757 0.0538969
2 0.225294 0.238266 0.24196 0.0377494
