1 0.50729 0.329596 0.813078 0.0508678
1 0.492297 0.819085 0.804132 0.0503748
1 0.495673 0.680429 0.80698 0.0519358
1 0.494307 0.609448 0.816831 0.0499539
7 0.273918 0.973414 0.0564415 0.0331757
1 0.498097 0.538054 0.817224 0.0564411
1 0.492575 0.750654 0.810067 0.048001
1 0.492343 0.889508 0.813786 0.0501175
3 0.486353 0.975663 0.0684447 0.0346726
0 0.705034 0.975635 0.0601921 0.0332985
1 0.498947 0.469267 0.819988 0.0539306
1 0.503059 0.39951 0.814866 0.0510177
4 0.893786 0.0737646 0.031304 0.0391043
1 0.499961 0.256669 0.826706 0.0517884
0 0.129452 0.0712092 0.0677593 0.0374661
2 0.508373 0.0217173 0.201694 0.0429636
2 0.269036 0.818367 0.347246 0.0520268
1 0.497107 0.182427 0.832062 0.0481406
2 0.260985 0.470274 0.331362 0.048766
