1 0.491455 0.565915 0.887384 0.0672813
1 0.49434 0.379266 0.893072 0.0906264
1 0.493634 0.480426 0.888043 0.0697306
2 0.227192 0.715457 0.347612 0.0579647
1 0.490813 0.639251 0.880238 0.052708
2 0.358203 0.882518 0.601565 0.0368458
7 0.271707 0.973948 0.0498647 0.0321266
2 0.37466 0.806092 0.649495 0.0625819
0 0.700859 0.975365 0.0509079 0.0375156
2 0.501239 0.0214106 0.199126 0.0425468
2 0.149309 0.151115 0.195085 0.0339145
0 0.0938525 0.076381 0.0612275 0.0338591
3 0.483981 0.975247 0.061465 0.0352028
2 0.175739 0.217183 0.242383 0.0351924
