9 0.491403 0.828901 0.914905 0.224998
2 0.609013 0.285377 0.206254 0.0912938
2 0.394595 0.285982 0.205189 0.0931129
2 0.829516 0.184607 0.207396 0.0967423
2 0.181303 0.181433 0.207584 0.0959937
2 0.612673 0.183893 0.208458 0.0942329
2 0.179485 0.285018 0.201676 0.0918331
7 0.2741 0.973892 0.0568542 0.0355728
3 0.484363 0.976096 0.0698103 0.0372512
0 0.141087 0.0761082 0.0523972 0.0391893
2 0.824737 0.285845 0.205703 0.0908901
2 0.397385 0.182674 0.205328 0.095064
2 0.0871306 0.684774 0.0832116 0.0411046
2 0.898365 0.686954 0.0853043 0.042324
0 0.701435 0.976808 0.0643968 0.0382593
2 0.761165 0.685375 0.0644578 0.0325571
2 0.492608 0.683317 0.0594203 0.030526
2 0.626721 0.684649 0.0658004 0.0338334
2 0.222614 0.683837 0.0604335 0.0321959
2 0.356563 0.683703 0.0691681 0.0260544
8 0.547131 0.0789191 0.761755 0.0469531
