1 0.505877 0.676836 0.801914 0.0448364
7 0.271534 0.974021 0.0578423 0.0329437
0 0.702097 0.976004 0.0577897 0.031694
3 0.484175 0.97542 0.0672844 0.0349861
1 0.502064 0.903697 0.81721 0.0473281
1 0.510863 0.223539 0.830933 0.0503396
1 0.50799 0.516105 0.809622 0.0630755
1 0.503301 0.603551 0.798799 0.0539904
1 0.841656 0.677065 0.142704 0.0489632
1 0.506096 0.746597 0.800368 0.0521179
1 0.511119 0.421831 0.811365 0.0547561
2 0.501664 0.74665 0.797343 0.0517071
0 0.141721 0.0719107 0.0726452 0.028718
