6 0.290481 0.742222 0.258479 0.0345069
6 0.337254 0.687656 0.355667 0.0352816
6 0.321713 0.415746 0.321445 0.037365
6 0.338029 0.633948 0.356303 0.0358196
6 0.31385 0.580094 0.309135 0.0375804
6 0.359329 0.525451 0.393375 0.0379297
6 0.321949 0.36013 0.324732 0.0374889
0 0.0933851 0.076386 0.0591818 0.0339735
7 0.270782 0.972818 0.0562492 0.0322761
6 0.335407 0.304229 0.354668 0.0388034
6 0.358045 0.470492 0.387489 0.0374025
3 0.484576 0.974432 0.0588619 0.0320065
6 0.334086 0.246408 0.357941 0.0467905
0 0.702522 0.973375 0.0569371 0.0410373
