2 0.282186 0.534458 0.347489 0.0458564
2 0.306579 0.370567 0.38915 0.0400688
2 0.321695 0.284906 0.427075 0.0403613
2 0.603031 0.910874 0.133151 0.0641291
2 0.235033 0.779374 0.25127 0.0399748
2 0.37266 0.911619 0.122626 0.0604322
2 0.270761 0.698026 0.327469 0.041657
2 0.237408 0.615726 0.253414 0.0392429
2 0.217395 0.201153 0.221658 0.0385833
7 0.273709 0.973847 0.0533772 0.0323408
2 0.834966 0.909768 0.099865 0.0647896
3 0.486655 0.97598 0.067906 0.0330349
2 0.21111 0.451621 0.20902 0.0398609
2 0.143171 0.900791 0.0618923 0.0298863
0 0.703276 0.976436 0.0522924 0.0337734
2 0.501204 0.0214851 0.198058 0.0417813
2 0.584485 0.0688811 0.159104 0.0240147
2 0.815315 0.0700181 0.194242 0.0293937
