2 0.299234 0.400676 0.348368 0.0533355
2 0.284082 0.229127 0.326208 0.0593213
2 0.361727 0.327253 0.474359 0.0565222
2 0.369468 0.466583 0.455361 0.0381897
2 0.334315 0.639378 0.401765 0.0383421
2 0.245378 0.740316 0.101858 0.0424662
7 0.275142 0.974192 0.0568164 0.0346352
2 0.183732 0.900112 0.151754 0.0647999
3 0.487155 0.976575 0.072369 0.0371071
2 0.831993 0.814316 0.142153 0.070406
2 0.794963 0.900785 0.151007 0.0675328
2 0.487675 0.900222 0.161631 0.0691212
0 0.704061 0.976852 0.065776 0.0359537
2 0.411535 0.580185 0.550131 0.0406372
4 0.748677 0.0793533 0.0414409 0.0423732
2 0.50089 0.0228374 0.199896 0.0451366
2 0.46937 0.523771 0.645836 0.0431173
2 0.245345 0.799013 0.107626 0.0545359
2 0.870527 0.0794901 0.0846587 0.0451779
2 0.827453 0.808693 0.0556999 0.0339241
2 0.795668 0.889738 0.0638293 0.0412102
