1 0.496862 0.423644 0.825188 0.0598208
1 0.494169 0.520331 0.824877 0.077371
1 0.489012 0.905328 0.821686 0.0469941
1 0.488433 0.677 0.813337 0.0435757
0 0.702512 0.976094 0.0592817 0.033577
7 0.270983 0.973422 0.0553705 0.0338565
1 0.48951 0.749868 0.811161 0.0577824
1 0.496822 0.222295 0.834977 0.0550791
1 0.491018 0.608847 0.811877 0.0433294
3 0.484213 0.975399 0.0679191 0.0358191
1 0.499031 0.343394 0.825837 0.0551507
0 0.123523 0.0707025 0.0416823 0.0303056
2 0.508702 0.0231761 0.203835 0.045869
