6 0.326408 0.683637 0.315179 0.036879
2 0.216393 0.241203 0.105622 0.0547985
3 0.487627 0.974948 0.0607478 0.0351818
7 0.273145 0.974309 0.0597733 0.0334503
0 0.0949207 0.0753545 0.0670764 0.0345407
6 0.321424 0.744391 0.306192 0.0379017
6 0.301884 0.563738 0.264226 0.0394501
0 0.705562 0.974699 0.0591063 0.0394413
6 0.26379 0.623203 0.189467 0.0359632
2 0.706639 0.799735 0.195181 0.031804
2 0.302934 0.56318 0.263698 0.038937
6 0.341832 0.502515 0.350824 0.039803
2 0.500581 0.0214342 0.200138 0.0424705
