2 0.242864 0.0736801 0.263138 0.0675744
2 0.604387 0.692131 0.0856412 0.0469757
7 0.275589 0.974162 0.0622438 0.0320463
2 0.227675 0.859694 0.128853 0.0693697
2 0.493558 0.69219 0.088302 0.0486406
2 0.491494 0.860558 0.170443 0.0925022
2 0.381939 0.691463 0.0839113 0.0455963
2 0.639172 0.760377 0.0837572 0.0261995
2 0.505758 0.0716948 0.107488 0.0575418
0 0.705375 0.975798 0.061215 0.0388771
2 0.186667 0.759557 0.0725629 0.020496
2 0.327247 0.760242 0.118256 0.0214191
2 0.769906 0.0730706 0.104211 0.057317
2 0.75574 0.859681 0.12257 0.0688702
3 0.489659 0.974694 0.0646563 0.0354925
2 0.0749616 0.758729 0.0614525 0.0182963
2 0.610539 0.16762 0.0877518 0.05234
2 0.392437 0.191379 0.159778 0.110144
2 0.173806 0.183159 0.19291 0.100748
2 0.491643 0.760349 0.138759 0.0290069
2 0.17394 0.165199 0.0841561 0.059069
2 0.391668 0.166344 0.0881566 0.0524505
