1 0.494386 0.236327 0.82373 0.0461741
3 0.484616 0.974545 0.0685918 0.0356069
1 0.493817 0.164707 0.825414 0.0501811
1 0.488195 0.471504 0.810901 0.0423974
7 0.270874 0.972839 0.0579878 0.033503
1 0.496079 0.310819 0.826479 0.059006
2 0.206885 0.607544 0.247154 0.0360938
0 0.70216 0.97451 0.0517551 0.0361409
2 0.215548 0.674595 0.260759 0.036089
2 0.295441 0.740817 0.419109 0.0359283
2 0.150212 0.912786 0.147611 0.0324759
0 0.121695 0.0720335 0.0633148 0.0341856
2 0.291708 0.813509 0.421095 0.0433682
2 0.312746 0.538979 0.449384 0.0334778
