2 0.273692 0.300492 0.377505 0.0553683
2 0.34742 0.213483 0.553847 0.0626559
2 0.278283 0.511582 0.433287 0.0534456
3 0.48469 0.97433 0.0681934 0.0358046
2 0.315852 0.376333 0.457051 0.041722
2 0.293265 0.824692 0.466815 0.0330988
2 0.172397 0.884681 0.234816 0.0297776
2 0.262629 0.644067 0.398606 0.0320567
2 0.919743 0.0738752 0.0809695 0.0413777
2 0.274958 0.764456 0.429734 0.0341164
7 0.270539 0.973708 0.0626165 0.0321583
0 0.0999651 0.0712885 0.0575248 0.0349066
0 0.701904 0.975032 0.05372 0.0337271
2 0.225087 0.703828 0.332587 0.0335197
2 0.359835 0.583939 0.598751 0.0339237
2 0.507252 0.0210426 0.200829 0.0412434
2 0.120531 0.212058 0.105929 0.0565867
2 0.199109 0.138355 0.269228 0.0351522
2 0.110565 0.942119 0.114564 0.0206688
