2 0.315565 0.595863 0.462627 0.0455748
2 0.416051 0.338791 0.668416 0.0457866
9 0.491382 0.829665 0.914212 0.220987
2 0.191616 0.531717 0.207822 0.0369096
2 0.43858 0.207038 0.710786 0.0475563
7 0.27386 0.972894 0.0560412 0.0343464
2 0.420344 0.402973 0.669939 0.0431768
2 0.896453 0.687749 0.0801036 0.0388809
3 0.484676 0.975032 0.0706403 0.0382347
2 0.263652 0.140334 0.355185 0.0433408
2 0.266988 0.273583 0.360392 0.0409905
2 0.440095 0.465972 0.711421 0.0501305
2 0.0924953 0.682146 0.0881467 0.0460494
2 0.506929 0.0211259 0.197698 0.0408572
2 0.356031 0.682723 0.07778 0.0300351
0 0.702676 0.975487 0.0644893 0.038351
2 0.760805 0.685301 0.0656774 0.03375
2 0.222617 0.682357 0.068234 0.0326323
