1 0.494063 0.486762 0.812921 0.0530784
1 0.499109 0.254444 0.824123 0.0468676
1 0.501836 0.182553 0.830625 0.0492348
3 0.484959 0.974064 0.0673831 0.0358917
7 0.271806 0.972953 0.0558877 0.0337971
2 0.405779 0.87698 0.646105 0.051461
0 0.702408 0.975079 0.053406 0.0368656
1 0.500892 0.329329 0.824127 0.059874
2 0.240277 0.690242 0.312922 0.0347191
0 0.127522 0.0714495 0.0613616 0.0304952
2 0.237565 0.759274 0.305163 0.0360124
2 0.507175 0.0218063 0.202098 0.0433859
1 0.831712 0.486155 0.15555 0.0524381
2 0.267046 0.623773 0.34729 0.0328552
