6 0.285617 0.233672 0.264427 0.0439217
6 0.289553 0.6738 0.260509 0.0361241
6 0.279877 0.620093 0.240137 0.0364548
6 0.296868 0.565797 0.272635 0.0377802
6 0.287814 0.400876 0.256873 0.0378075
3 0.484718 0.975619 0.0604437 0.0336665
0 0.0935049 0.0762786 0.0592215 0.0332478
6 0.309665 0.289319 0.309061 0.0408411
6 0.281752 0.345905 0.247793 0.0377002
6 0.29983 0.456281 0.277727 0.0381076
7 0.271026 0.97368 0.0563415 0.0333999
6 0.350725 0.511261 0.378546 0.0365131
0 0.702014 0.973887 0.0582541 0.0419976
6 0.409189 0.731371 0.511639 0.0431456
