6 0.315335 0.730363 0.308558 0.039816
6 0.296026 0.564695 0.260411 0.038439
6 0.336971 0.288688 0.346451 0.0410521
6 0.307756 0.455995 0.282323 0.0379422
6 0.29917 0.344854 0.26603 0.0384032
6 0.31261 0.619588 0.297045 0.0376064
3 0.487259 0.975283 0.06633 0.0372286
6 0.321686 0.400357 0.307663 0.0382347
6 0.295036 0.510255 0.256782 0.0381095
0 0.102171 0.0750242 0.0609486 0.034741
6 0.385519 0.674478 0.444462 0.0352415
7 0.273516 0.974036 0.0582799 0.033384
0 0.70444 0.975009 0.0577393 0.0388554
