2 0.333573 0.533354 0.497988 0.0502159
9 0.491266 0.830053 0.915134 0.222504
2 0.275806 0.597191 0.38265 0.0510168
2 0.50813 0.0218344 0.200215 0.0429319
2 0.896146 0.687182 0.07344 0.0356513
7 0.274175 0.972635 0.05694 0.0342514
3 0.484495 0.974762 0.0700769 0.038022
2 0.473808 0.405578 0.775872 0.0484297
2 0.46484 0.468421 0.7665 0.0488798
2 0.474464 0.338804 0.781967 0.0481928
0 0.702531 0.975573 0.0643552 0.0386264
2 0.730777 0.686012 0.128213 0.0380302
2 0.903085 0.0740044 0.0684815 0.039184
