7 0.275795 0.974222 0.0623088 0.0324582
2 0.226883 0.85994 0.128032 0.0695896
2 0.489493 0.860866 0.165983 0.089403
2 0.848334 0.761505 0.0965622 0.0278734
0 0.705329 0.975492 0.0622253 0.0388176
4 0.90761 0.0814524 0.0698152 0.0430001
2 0.747164 0.0819275 0.0626189 0.0343992
2 0.102863 0.0791453 0.0584144 0.0393807
2 0.848631 0.691885 0.092496 0.0463028
3 0.489685 0.974872 0.0653251 0.0337872
2 0.263581 0.080552 0.0611204 0.0361227
2 0.583477 0.0811517 0.0679316 0.0371661
2 0.422341 0.688673 0.0830361 0.0417214
2 0.424594 0.0809843 0.0594452 0.0365289
2 0.138586 0.688111 0.0823836 0.0473174
2 0.564066 0.689739 0.0813219 0.0424997
2 0.663472 0.761842 0.189616 0.022142
2 0.279985 0.687789 0.0850519 0.0441633
