2 0.220303 0.508124 0.165692 0.104918
2 0.483008 0.508438 0.166763 0.103624
2 0.235584 0.373038 0.14135 0.104905
2 0.497948 0.370903 0.186997 0.107951
7 0.274801 0.974386 0.0645114 0.0338249
2 0.236323 0.234061 0.141827 0.108387
2 0.223955 0.638955 0.170121 0.101043
2 0.756385 0.509351 0.175112 0.108761
2 0.491816 0.639953 0.158148 0.104826
2 0.760535 0.37607 0.167543 0.107316
2 0.754169 0.640938 0.137644 0.107335
2 0.765784 0.236029 0.156062 0.111047
2 0.499734 0.236626 0.176732 0.107779
3 0.489674 0.975394 0.0704026 0.036783
0 0.707283 0.975267 0.0672179 0.0390663
2 0.828058 0.0809013 0.0721411 0.045465
2 0.345032 0.759268 0.133223 0.0223659
2 0.179833 0.75901 0.123649 0.0233116
2 0.696958 0.0814103 0.0785394 0.0436846
2 0.493371 0.760431 0.0962585 0.0331269
