7 0.276596 0.974448 0.0544261 0.0349708
2 0.7314 0.0769188 0.0733778 0.0434665
2 0.49321 0.715528 0.230289 0.109806
2 0.770645 0.552386 0.19985 0.130114
3 0.488805 0.975173 0.0697172 0.0356445
2 0.294595 0.0747896 0.0756462 0.0463947
2 0.218914 0.867472 0.0833137 0.047616
2 0.503655 0.177855 0.119977 0.054086
0 0.705935 0.976147 0.0488803 0.0366789
2 0.218838 0.546337 0.257978 0.124672
2 0.216988 0.717509 0.214823 0.107361
2 0.504912 0.0217821 0.205111 0.0430144
2 0.777615 0.200512 0.127655 0.0989383
2 0.767438 0.37775 0.205541 0.106415
2 0.764146 0.516631 0.113226 0.0495837
2 0.21912 0.696121 0.0975412 0.0441735
