6 0.279854 0.745318 0.242471 0.0324785
6 0.301684 0.251271 0.293441 0.0458405
6 0.314758 0.638505 0.310502 0.0353044
6 0.352606 0.363539 0.385041 0.0368258
6 0.327622 0.583571 0.336443 0.036369
6 0.311472 0.529432 0.302854 0.0377954
6 0.283934 0.692517 0.250819 0.035358
0 0.0936892 0.0761336 0.0600944 0.0332985
6 0.2827 0.307949 0.250326 0.0394597
6 0.305542 0.41932 0.290146 0.0370414
6 0.322304 0.474862 0.321352 0.0373052
7 0.271008 0.973595 0.0563549 0.0330967
3 0.484823 0.97511 0.058648 0.0318607
0 0.703172 0.97414 0.0599932 0.0404602
