2 0.12387 0.893213 0.0925309 0.055059
2 0.259052 0.383319 0.353812 0.0658391
2 0.298569 0.721923 0.437687 0.0627286
2 0.378336 0.638979 0.602558 0.0643123
0 0.104678 0.104279 0.0468337 0.0483968
3 0.471249 0.957858 0.0560569 0.0371289
0 0.721773 0.958364 0.0500015 0.0464996
2 0.314608 0.55367 0.461371 0.066549
2 0.281457 0.46792 0.40528 0.06447
7 0.224525 0.958129 0.0420077 0.031191
2 0.374208 0.806132 0.599083 0.0679337
2 0.230207 0.210262 0.304743 0.0621785
2 0.41992 0.296693 0.669992 0.0632005
4 0.862088 0.107493 0.0414432 0.0438389
2 0.772116 0.107328 0.0821236 0.0472938
2 0.127608 0.721985 0.0883549 0.0475993
