7 0.225742 0.958559 0.0511178 0.0375082
5 0.350337 0.780879 0.691611 0.287728
3 0.472357 0.958706 0.0601701 0.0295201
1 0.528879 0.311643 0.729644 0.0373238
2 0.279447 0.54585 0.17482 0.0392209
2 0.0775928 0.957379 0.050391 0.0364219
2 0.795677 0.817651 0.133964 0.0536364
2 0.110251 0.503349 0.0531314 0.0293568
2 0.480501 0.194368 0.234914 0.123712
0 0.721469 0.957716 0.0693407 0.0324303
2 0.796609 0.744954 0.138207 0.0485802
2 0.713945 0.602047 0.0777966 0.0381915
2 0.109351 0.310682 0.0552622 0.0398152
2 0.525996 0.887039 0.0577469 0.0446478
2 0.848495 0.408599 0.0710421 0.0280884
2 0.796906 0.90067 0.089639 0.0407473
2 0.364645 0.673297 0.171147 0.0512007
2 0.584025 0.817117 0.189429 0.0485361
