2 0.796434 0.198918 0.156031 0.0989625
2 0.368863 0.782458 0.158592 0.0961913
2 0.162041 0.783615 0.150024 0.0956113
2 0.16512 0.3466 0.153898 0.0947546
2 0.577791 0.640356 0.149054 0.0946928
2 0.783042 0.641131 0.151375 0.0917247
2 0.573881 0.78509 0.154421 0.0971118
2 0.166612 0.641092 0.143104 0.0922308
2 0.582522 0.19897 0.161976 0.0995718
2 0.781643 0.7866 0.148986 0.0966676
2 0.165688 0.494741 0.145621 0.0941905
2 0.577486 0.49923 0.154044 0.0886874
2 0.791315 0.350096 0.141919 0.0927596
2 0.581837 0.348286 0.14891 0.0982545
2 0.163632 0.196212 0.159549 0.103153
2 0.36811 0.64485 0.125826 0.0896796
2 0.37364 0.199538 0.144546 0.0981613
8 0.488578 0.0869876 0.86901 0.0652152
2 0.373031 0.34728 0.143519 0.0987756
2 0.366833 0.497031 0.133716 0.0943648
2 0.790174 0.499557 0.138743 0.0893861
7 0.225794 0.956816 0.074258 0.0349207
0 0.721259 0.958629 0.0564066 0.0379547
3 0.472547 0.959132 0.069805 0.0368639
4 0.867477 0.0880318 0.0553964 0.0477709
