2 0.760344 0.896327 0.144139 0.0660152
7 0.225831 0.959182 0.0488225 0.0341907
2 0.766543 0.106986 0.0597216 0.0370036
0 0.721473 0.960322 0.0602157 0.0355094
2 0.769792 0.269034 0.201616 0.0427898
3 0.472597 0.959413 0.0624505 0.0305213
2 0.671376 0.107979 0.0670342 0.0390871
2 0.368848 0.637632 0.583004 0.0820131
2 0.184105 0.897294 0.14751 0.0590072
2 0.477817 0.269643 0.135967 0.0323235
2 0.841642 0.18999 0.0784956 0.0382642
2 0.47611 0.481676 0.028702 0.0239508
2 0.471727 0.898688 0.183622 0.0597252
