0 0.124371 0.102975 0.0472156 0.0463844
1 0.49747 0.64621 0.82582 0.064799
1 0.50137 0.744989 0.804429 0.0745075
1 0.497312 0.56004 0.83706 0.0714625
1 0.489356 0.830121 0.814098 0.0393843
0 0.739053 0.960365 0.0420337 0.038302
2 0.279464 0.364998 0.366719 0.054432
2 0.214813 0.450215 0.239768 0.0604159
2 0.287783 0.278069 0.383366 0.0553115
7 0.242312 0.957967 0.0534269 0.0382037
2 0.304832 0.192365 0.423396 0.0650045
2 0.884234 0.106502 0.0785094 0.0468108
3 0.490196 0.959056 0.0606671 0.0340511
