0 0.105298 0.103733 0.0465556 0.0485362
2 0.125513 0.865502 0.0876807 0.0504025
2 0.364338 0.270626 0.560732 0.0638476
2 0.290333 0.613462 0.41582 0.0614554
2 0.31514 0.698514 0.47294 0.0662967
2 0.242376 0.358759 0.315202 0.0629719
2 0.23465 0.781217 0.312232 0.0576416
2 0.379328 0.181456 0.60071 0.0623788
2 0.308652 0.526492 0.448274 0.0618416
3 0.471902 0.958545 0.0653411 0.0324466
7 0.224381 0.957315 0.0483898 0.0287121
2 0.283735 0.444372 0.14975 0.0628782
0 0.720555 0.958601 0.0547767 0.0425302
4 0.861579 0.106652 0.0387653 0.0408476
2 0.469043 0.886375 0.109439 0.0587512
0 0.123408 0.931017 0.0577284 0.0222598
2 0.129869 0.357316 0.0871292 0.0474718
0 0.229855 0.929874 0.0403255 0.0195749
2 0.121927 0.931011 0.0581257 0.0225776
