0 0.105228 0.104154 0.0476754 0.0491862
2 0.42783 0.78706 0.702034 0.0663228
2 0.125019 0.875027 0.0895017 0.0534131
2 0.229763 0.535657 0.2984 0.059349
2 0.351925 0.702702 0.547277 0.0663992
2 0.213921 0.451597 0.265436 0.0582587
2 0.370246 0.619003 0.577754 0.0660339
2 0.128838 0.277491 0.0911487 0.0492062
3 0.472114 0.958145 0.0625335 0.0353049
2 0.129975 0.363665 0.0889905 0.0504484
0 0.723302 0.958729 0.0543243 0.0429502
7 0.224769 0.957267 0.0498731 0.0330617
4 0.862042 0.107719 0.0415122 0.0420267
2 0.130003 0.450187 0.0906451 0.0480014
2 0.773102 0.107063 0.0812112 0.0437504
2 0.287006 0.280346 0.175621 0.0643744
