0 0.105431 0.104045 0.0481938 0.0494479
2 0.26831 0.364307 0.369167 0.0673718
2 0.275332 0.703358 0.385513 0.062379
2 0.289799 0.536229 0.406225 0.0633632
2 0.123843 0.874163 0.09567 0.0569986
2 0.266741 0.451962 0.367643 0.0654625
2 0.349095 0.618844 0.531671 0.0655853
2 0.27867 0.786733 0.399346 0.0652539
0 0.721641 0.95862 0.0490162 0.04151
2 0.23849 0.278766 0.312599 0.0587349
7 0.224982 0.95723 0.047314 0.0333786
3 0.472194 0.958617 0.060344 0.0343254
4 0.861869 0.107651 0.041428 0.0417394
2 0.772897 0.106873 0.0806687 0.0436496
2 0.361912 0.189856 0.570454 0.0635454
