2 0.182306 0.857245 0.132867 0.0683396
2 0.471535 0.858447 0.175061 0.0921023
2 0.761578 0.860369 0.14113 0.0669368
2 0.471489 0.771168 0.184078 0.0439963
2 0.411742 0.0943168 0.0717961 0.0373378
2 0.836634 0.688938 0.0896376 0.0492332
2 0.694341 0.0945194 0.0716006 0.0396099
2 0.836014 0.0961177 0.0649921 0.0349293
2 0.12884 0.0935709 0.060371 0.0334739
2 0.473861 0.691214 0.24041 0.0585324
0 0.723893 0.958381 0.0711459 0.0370451
2 0.285554 0.770073 0.103904 0.0202696
2 0.270097 0.0939038 0.0560982 0.0371038
2 0.653435 0.770942 0.0960634 0.0223541
2 0.552258 0.09568 0.0842499 0.0308967
2 0.106628 0.769677 0.132314 0.0195583
7 0.224968 0.957754 0.0769226 0.0357675
3 0.474967 0.958401 0.0881835 0.0319147
2 0.556492 0.689197 0.0706204 0.0529134
