0 0.105141 0.103837 0.0458603 0.0468987
2 0.291321 0.266562 0.415533 0.0658953
2 0.434441 0.439639 0.708315 0.0627008
2 0.237646 0.609996 0.313256 0.0638997
2 0.416087 0.522136 0.674312 0.0629995
2 0.307351 0.356024 0.44726 0.0672171
2 0.303548 0.178661 0.449796 0.0617974
2 0.314984 0.693937 0.47097 0.0644531
3 0.471312 0.95829 0.0598045 0.0303242
7 0.224828 0.95814 0.0431625 0.0301562
2 0.258083 0.776654 0.360719 0.064599
0 0.721321 0.958463 0.0550075 0.0438165
2 0.126129 0.863383 0.0945143 0.0574561
4 0.86121 0.107252 0.0408322 0.0437281
2 0.773134 0.106706 0.0804057 0.046711
