9 0.468499 0.780773 0.911342 0.296749
2 0.375706 0.221652 0.169846 0.103367
2 0.585539 0.220339 0.202239 0.106727
2 0.161967 0.218986 0.204129 0.112038
2 0.803738 0.220129 0.199082 0.112887
8 0.490739 0.0883604 0.893235 0.0693394
3 0.471988 0.958973 0.0559573 0.0356723
7 0.225957 0.95833 0.0561231 0.0411999
0 0.721676 0.957754 0.0770724 0.0346848
2 0.473617 0.603262 0.121395 0.0367966
8 0.483603 0.556234 0.845379 0.0539364
2 0.699109 0.604383 0.110826 0.0368318
2 0.0777975 0.956883 0.0548931 0.0369251
2 0.478125 0.328232 0.227892 0.0348306
4 0.864659 0.602746 0.0684174 0.0250464
2 0.250877 0.603198 0.0694869 0.0343193
2 0.863428 0.0876364 0.0639101 0.0407398
