9 0.469029 0.779717 0.913749 0.299871
2 0.584363 0.219315 0.200423 0.107592
2 0.158353 0.217937 0.207535 0.114447
2 0.373773 0.218454 0.150266 0.110224
2 0.806704 0.209622 0.20929 0.130625
8 0.475764 0.0878105 0.918739 0.067825
2 0.698099 0.602737 0.0657215 0.036819
3 0.471899 0.959077 0.0558007 0.0359127
7 0.226122 0.958286 0.0570319 0.0417035
0 0.721881 0.957809 0.0772329 0.0350387
2 0.0778181 0.957012 0.0544901 0.0368228
4 0.863621 0.60325 0.0689358 0.0270121
2 0.475276 0.602235 0.0932783 0.0319676
2 0.8641 0.0876731 0.0663479 0.0407116
2 0.253444 0.469871 0.337171 0.0505077
4 0.0948475 0.0876515 0.0439217 0.0470145
2 0.23757 0.41454 0.296202 0.0505914
