2 0.363013 0.766751 0.351042 0.0705868
0 0.0955046 0.0816615 0.0551579 0.0364563
0 0.721219 0.959082 0.046509 0.0429426
2 0.371868 0.674857 0.359948 0.0682877
2 0.328634 0.199461 0.513571 0.0701441
2 0.356257 0.395555 0.328974 0.0690578
2 0.374776 0.297119 0.396392 0.0777918
3 0.471168 0.959453 0.0598505 0.0304546
2 0.359053 0.488731 0.325682 0.0759903
7 0.224444 0.957947 0.0488572 0.0370493
2 0.384724 0.579858 0.38982 0.0703495
2 0.111374 0.764666 0.0823919 0.0509634
2 0.356603 0.856815 0.353542 0.0643161
2 0.114255 0.670628 0.0762718 0.0501558
