9 0.468336 0.778747 0.914414 0.302512
2 0.585963 0.219891 0.149242 0.109366
8 0.48489 0.087403 0.883711 0.0663571
2 0.368707 0.220081 0.147321 0.11107
2 0.800616 0.219971 0.157491 0.10967
2 0.160806 0.215642 0.143318 0.117519
3 0.471702 0.959098 0.0542346 0.0361406
7 0.225886 0.958361 0.0573779 0.0425172
2 0.473404 0.603844 0.0665693 0.0292844
0 0.721646 0.957816 0.0767738 0.0346932
2 0.698739 0.604818 0.0701656 0.0333912
2 0.07773 0.956979 0.054165 0.0372314
8 0.48093 0.554641 0.847107 0.0568068
4 0.863491 0.603076 0.0704502 0.0255867
2 0.862741 0.0874011 0.0644313 0.0392177
