9 0.471451 0.777669 0.918619 0.294412
7 0.22584 0.959288 0.0508157 0.0360172
3 0.472392 0.959244 0.0585091 0.0344583
2 0.0773098 0.956324 0.0524957 0.0372511
0 0.722237 0.957708 0.072045 0.0324746
2 0.323819 0.600856 0.0573759 0.0323886
2 0.712486 0.601931 0.0681425 0.0390988
8 0.490723 0.252745 0.753 0.0628974
2 0.222369 0.176732 0.222553 0.0486357
2 0.164505 0.328097 0.0839594 0.0289372
2 0.126248 0.599956 0.0679847 0.0398556
2 0.265554 0.11627 0.279861 0.0367034
2 0.702751 0.381657 0.271336 0.0530661
2 0.326714 0.248796 0.410725 0.0420239
2 0.844796 0.895949 0.071024 0.0339697
