2 0.4713 0.855771 0.177138 0.0913721
2 0.659948 0.771004 0.0915254 0.0210698
0 0.722193 0.959313 0.0385258 0.0287348
2 0.762304 0.856443 0.150469 0.0630695
2 0.698962 0.0939628 0.0743861 0.0429306
2 0.412067 0.0935165 0.0682772 0.0415186
3 0.4717 0.958283 0.0500561 0.024942
2 0.271459 0.0945596 0.063143 0.0370165
2 0.837254 0.0939131 0.0746975 0.0429073
2 0.27109 0.769335 0.16748 0.0346367
2 0.0889873 0.768283 0.0851994 0.025282
2 0.18518 0.853651 0.122172 0.0777945
2 0.55473 0.0960065 0.0743966 0.0323008
2 0.809797 0.769622 0.114215 0.0334465
