9 0.474196 0.774371 0.921358 0.3026
7 0.225939 0.95871 0.0508558 0.0363228
3 0.47241 0.959016 0.0594018 0.0344816
2 0.0771985 0.955683 0.0523646 0.0383727
8 0.486531 0.253509 0.744307 0.0591736
2 0.323568 0.600897 0.0576109 0.032392
2 0.712234 0.601808 0.0684167 0.0389191
0 0.721997 0.957658 0.0716906 0.0320682
2 0.223071 0.176136 0.224409 0.0483781
2 0.702083 0.381719 0.271534 0.0525145
2 0.264637 0.116251 0.282311 0.0365253
2 0.165182 0.327798 0.0840057 0.0290719
2 0.127496 0.599844 0.0673152 0.0380945
2 0.325856 0.248979 0.411349 0.0412414
