2 0.123966 0.910448 0.0882092 0.0521808
2 0.283768 0.739372 0.393889 0.0649765
2 0.315301 0.572346 0.465728 0.0616285
2 0.318723 0.485601 0.470517 0.0639964
2 0.376187 0.402051 0.594507 0.0630902
2 0.294678 0.655541 0.411835 0.06489
2 0.399281 0.2284 0.64175 0.0622023
0 0.105149 0.102789 0.046041 0.0459794
3 0.472022 0.959044 0.0600226 0.0311583
2 0.303346 0.31665 0.442674 0.0648329
7 0.225199 0.958298 0.0384421 0.028218
0 0.721386 0.958674 0.0520874 0.0436356
2 0.295514 0.822621 0.428249 0.062148
4 0.861727 0.107107 0.0384639 0.0424974
2 0.217182 0.152601 0.275818 0.0391881
2 0.772388 0.106658 0.0791853 0.0452806
2 0.125891 0.824594 0.089766 0.0493197
