2 0.404607 0.62686 0.107594 0.0650676
2 0.540431 0.628855 0.102771 0.0680031
2 0.544166 0.437605 0.101412 0.0635122
2 0.406619 0.532848 0.0949183 0.0613656
2 0.685997 0.243299 0.104392 0.066717
2 0.544003 0.534294 0.0998058 0.0613063
2 0.271578 0.531883 0.0979116 0.0630039
2 0.54744 0.24306 0.105906 0.068738
2 0.676024 0.628427 0.0966314 0.0664155
2 0.272323 0.436078 0.0961958 0.0630577
2 0.272031 0.338949 0.102328 0.0654591
2 0.680231 0.437054 0.0925105 0.06233
2 0.682992 0.341041 0.095332 0.0630969
2 0.270236 0.627004 0.0989776 0.0645453
2 0.67706 0.533509 0.0969763 0.062652
2 0.271508 0.240616 0.107852 0.0717662
2 0.410851 0.339782 0.0873981 0.0641312
2 0.409478 0.242472 0.101918 0.0679601
2 0.54661 0.340834 0.0995608 0.0629616
2 0.187912 0.810108 0.203923 0.0572496
0 0.724703 0.958783 0.0675888 0.0365731
7 0.224774 0.956317 0.0759403 0.0343694
2 0.407714 0.441601 0.0910249 0.0694685
3 0.47216 0.959202 0.0803388 0.0318419
2 0.750991 0.811975 0.0825929 0.0350535
2 0.662471 0.900348 0.127262 0.040918
2 0.893439 0.343006 0.0852734 0.0628255
2 0.563567 0.811015 0.0793969 0.0286509
2 0.377039 0.809593 0.0753723 0.0249449
