2 0.404363 0.626902 0.10791 0.0647563
2 0.540452 0.628812 0.102688 0.0677273
2 0.54411 0.437459 0.101117 0.0634891
2 0.686008 0.243176 0.105049 0.0671312
2 0.40644 0.532924 0.0945404 0.061237
2 0.543719 0.533808 0.0994816 0.0618754
2 0.547671 0.243148 0.105677 0.0684501
2 0.271396 0.532041 0.0955742 0.063184
2 0.272123 0.338871 0.102269 0.0656365
2 0.675799 0.628512 0.0962924 0.0663683
2 0.680113 0.437009 0.0925563 0.062617
2 0.682787 0.340975 0.0954817 0.0630894
2 0.272391 0.435992 0.0960906 0.0630864
2 0.270114 0.627164 0.0983412 0.0639056
2 0.677051 0.533471 0.0969971 0.0625539
2 0.410688 0.34024 0.0921038 0.064388
2 0.271603 0.240489 0.107849 0.0723009
2 0.409211 0.242435 0.101558 0.0676969
2 0.188088 0.809668 0.205442 0.0563818
2 0.545977 0.340589 0.0999977 0.0630827
0 0.724224 0.958892 0.0667433 0.0364014
7 0.224457 0.956322 0.0751488 0.0343805
2 0.408668 0.440416 0.0914814 0.0667152
3 0.472115 0.959102 0.0777027 0.031044
2 0.751723 0.812141 0.0833016 0.0365616
2 0.662488 0.900139 0.128594 0.0420926
2 0.893286 0.34311 0.0846048 0.0629901
2 0.563471 0.811071 0.0779915 0.0279384
