2 0.330512 0.502212 0.502971 0.0682405
2 0.298072 0.758411 0.428857 0.0639935
2 0.260224 0.591672 0.359606 0.0636182
2 0.361627 0.335887 0.562174 0.0635358
2 0.430447 0.420983 0.699799 0.0623462
2 0.392298 0.675143 0.62558 0.0653589
0 0.721222 0.95852 0.0468572 0.0375828
0 0.10498 0.10314 0.0444867 0.0452733
2 0.371373 0.248042 0.587756 0.063856
3 0.471931 0.959191 0.0637598 0.0295527
7 0.22474 0.957804 0.0420896 0.0311771
2 0.123425 0.921799 0.0932351 0.0418912
2 0.125195 0.843632 0.0904524 0.0501462
4 0.86174 0.107259 0.0408504 0.0419263
2 0.282028 0.840688 0.408452 0.0622697
2 0.772705 0.106888 0.0799548 0.0443448
