0 0.124197 0.102841 0.0458617 0.0458921
1 0.49101 0.471231 0.826853 0.0480745
1 0.494746 0.385479 0.824721 0.0531686
7 0.242797 0.958617 0.0451734 0.0331924
1 0.488582 0.539907 0.825881 0.0467111
2 0.884131 0.107364 0.0728662 0.0470692
3 0.490607 0.959362 0.0707021 0.0362709
0 0.739816 0.958416 0.0558075 0.0465982
2 0.270794 0.874 0.361929 0.0308814
2 0.189502 0.601317 0.202315 0.0457609
2 0.222302 0.915967 0.259291 0.0304094
2 0.254613 0.53723 0.322001 0.035797
2 0.290502 0.686248 0.391337 0.035376
