0 0.105197 0.104584 0.0465253 0.0477306
2 0.124459 0.877992 0.0909364 0.0552054
2 0.276343 0.368742 0.387016 0.0635666
2 0.235778 0.282512 0.310825 0.0610689
2 0.226149 0.708331 0.293544 0.0560917
2 0.280206 0.195269 0.400878 0.0642774
7 0.224836 0.95746 0.0480632 0.0335455
3 0.472431 0.957938 0.0626848 0.0352752
0 0.721956 0.958378 0.0527992 0.0450843
2 0.126729 0.791567 0.0905167 0.0500465
2 0.299098 0.624854 0.181512 0.0588712
4 0.861943 0.107201 0.0412081 0.0438664
2 0.128561 0.707826 0.0900717 0.0483768
2 0.264132 0.454318 0.370626 0.0614198
2 0.319257 0.535915 0.47906 0.0622981
2 0.77274 0.10728 0.0805167 0.0456264
