7 0.225722 0.958767 0.0513351 0.0377246
5 0.352149 0.781408 0.689932 0.288372
1 0.526334 0.311468 0.731425 0.0371996
3 0.472329 0.958645 0.0599308 0.0294781
2 0.0777703 0.957473 0.0517699 0.0355331
2 0.795333 0.817796 0.134813 0.0533615
2 0.297341 0.435602 0.222113 0.0407518
2 0.279661 0.546056 0.175502 0.0397104
2 0.480251 0.195207 0.234683 0.124556
2 0.110687 0.5031 0.0539953 0.0299441
0 0.721799 0.957747 0.0689388 0.0321035
2 0.713888 0.602094 0.0755507 0.0379966
2 0.796585 0.745113 0.138022 0.0487176
2 0.109532 0.310566 0.0551419 0.0402751
2 0.848796 0.40894 0.0701978 0.027979
2 0.79672 0.900616 0.0916488 0.041555
2 0.525985 0.886831 0.0591756 0.0452106
