2 0.124537 0.89275 0.0899236 0.0537082
2 0.285271 0.469657 0.405151 0.0632715
2 0.281975 0.382922 0.399725 0.0613455
2 0.125534 0.805788 0.0923663 0.0512332
0 0.104578 0.104306 0.0458166 0.0470117
2 0.469619 0.885724 0.118394 0.0622613
2 0.340631 0.298838 0.516278 0.0643757
2 0.309359 0.553912 0.43967 0.0623754
2 0.127657 0.721507 0.0899164 0.0477161
2 0.285091 0.723431 0.157359 0.0615122
2 0.26267 0.20982 0.367911 0.0606791
3 0.472381 0.958638 0.0626362 0.0331487
7 0.225211 0.958254 0.0423301 0.0307629
2 0.223988 0.639355 0.285092 0.0623747
0 0.720834 0.958721 0.0551604 0.0422119
2 0.128629 0.554008 0.0878403 0.0488475
4 0.862295 0.107428 0.0415065 0.0428661
2 0.772655 0.107198 0.0816165 0.0452663
2 0.128433 0.638175 0.0920301 0.0494447
2 0.129655 0.383076 0.0888179 0.0508572
