9 0.46725 0.779663 0.911001 0.29643
2 0.13028 0.599751 0.0637317 0.0338628
2 0.730889 0.209168 0.33086 0.0478658
7 0.226229 0.958396 0.057213 0.041318
3 0.472512 0.959058 0.0608822 0.0341129
2 0.179946 0.205198 0.220031 0.037208
0 0.721975 0.958245 0.0773366 0.0343814
2 0.0774386 0.95666 0.0523049 0.0375726
2 0.712525 0.601752 0.0690785 0.0393652
2 0.745958 0.359205 0.274014 0.0545321
2 0.32393 0.600621 0.0561622 0.0325795
2 0.519278 0.601888 0.0611128 0.0394189
2 0.106038 0.893728 0.0789935 0.0418954
2 0.689505 0.0345093 0.0303716 0.0251698
