2 0.241925 0.590708 0.324673 0.0601795
2 0.247311 0.420285 0.329422 0.0634198
2 0.418102 0.500982 0.679854 0.0686664
2 0.288181 0.248002 0.405738 0.0609594
2 0.304376 0.673221 0.446844 0.0607654
0 0.104863 0.103452 0.0442534 0.0457702
2 0.340081 0.337489 0.512518 0.0675757
7 0.225253 0.958417 0.0552796 0.0398157
3 0.473607 0.958886 0.0691275 0.031246
0 0.724829 0.959311 0.0717882 0.0395096
2 0.469312 0.887202 0.112379 0.0585111
4 0.86197 0.107501 0.0401529 0.0421521
2 0.773072 0.107009 0.0801728 0.0444424
2 0.271417 0.159754 0.384062 0.0561279
2 0.129473 0.334111 0.0883348 0.0466853
