2 0.471154 0.856886 0.182203 0.0940451
2 0.358326 0.094681 0.0581359 0.0339446
2 0.481403 0.0962266 0.0664926 0.0272985
2 0.736206 0.0958939 0.063966 0.0375422
2 0.110801 0.0932525 0.0601683 0.0334419
2 0.853447 0.0956987 0.0612247 0.0331393
2 0.555372 0.688886 0.0704731 0.0520226
2 0.234936 0.0932587 0.0521528 0.0358272
2 0.607499 0.0963672 0.0814684 0.0290222
0 0.721849 0.959287 0.0354474 0.0300217
2 0.761238 0.857864 0.15328 0.0610824
2 0.182946 0.85498 0.16827 0.067548
2 0.391286 0.687896 0.0742661 0.0495898
2 0.258316 0.770663 0.138069 0.019689
2 0.659161 0.771472 0.0938698 0.0188874
3 0.472367 0.958606 0.0541607 0.0251996
2 0.0961653 0.769939 0.0659205 0.01845
2 0.808563 0.772504 0.100607 0.0259156
7 0.225221 0.95753 0.0505367 0.0263729
2 0.475448 0.768991 0.191627 0.0349896
