9 0.467159 0.777048 0.91148 0.303718
2 0.280606 0.54448 0.172694 0.0435119
2 0.711408 0.601178 0.0762537 0.0439957
3 0.472197 0.95911 0.0561281 0.0346152
2 0.324933 0.600365 0.0739725 0.0443637
7 0.225969 0.958436 0.0570853 0.0416043
2 0.128694 0.599899 0.0686013 0.0411712
2 0.668775 0.544254 0.143017 0.0481617
0 0.722132 0.958275 0.0770403 0.0340982
2 0.480288 0.194685 0.23451 0.12331
2 0.520495 0.600388 0.0661635 0.0444733
2 0.0774499 0.957021 0.0524117 0.036911
2 0.204027 0.395909 0.247835 0.0498656
2 0.109817 0.310765 0.0582484 0.0411306
4 0.862767 0.601067 0.0829037 0.0326869
2 0.106216 0.893728 0.0789124 0.0416494
1 0.524447 0.312374 0.732666 0.0404407
