2 0.124945 0.893029 0.0899295 0.0539442
2 0.319752 0.382282 0.480563 0.064294
2 0.468672 0.886604 0.112101 0.0611988
0 0.104558 0.104021 0.0461428 0.0459137
7 0.22537 0.958219 0.0446349 0.0316584
3 0.472401 0.958629 0.0650445 0.0324789
2 0.207903 0.808085 0.257498 0.0629523
2 0.398846 0.467521 0.637875 0.0640088
2 0.240123 0.553267 0.313887 0.061492
2 0.216048 0.298827 0.267508 0.0638667
2 0.126167 0.80746 0.0898808 0.0497187
0 0.721319 0.958119 0.0578871 0.0443421
2 0.128199 0.296471 0.0893637 0.0480853
4 0.862007 0.107641 0.0414538 0.043179
2 0.772663 0.107189 0.0829224 0.0456971
2 0.278753 0.209591 0.41015 0.0646036
