2 0.373187 0.225301 0.182991 0.102431
9 0.467864 0.781201 0.912947 0.295994
2 0.589738 0.219964 0.207148 0.106953
8 0.490907 0.0888919 0.889805 0.0714091
2 0.158536 0.218508 0.144729 0.112729
2 0.801718 0.21902 0.185093 0.11202
7 0.226153 0.958349 0.056737 0.0413657
3 0.471868 0.959089 0.0567836 0.0359055
2 0.476366 0.329356 0.234357 0.0364528
2 0.472396 0.60368 0.0882708 0.0295917
0 0.721866 0.957783 0.0765312 0.0348563
2 0.701409 0.603567 0.136293 0.0392922
8 0.472565 0.555161 0.863054 0.0543871
2 0.0775231 0.95698 0.0536687 0.0363891
4 0.864086 0.602423 0.0708091 0.0253958
2 0.863405 0.0877492 0.0627888 0.0414732
