9 0.472292 0.776194 0.910315 0.301298
2 0.711312 0.601166 0.0755111 0.044053
7 0.225859 0.959417 0.051678 0.0368699
3 0.472132 0.958872 0.0552905 0.0354758
2 0.280504 0.544419 0.173088 0.040691
2 0.669348 0.544086 0.141336 0.0484373
0 0.722518 0.957905 0.07234 0.0319476
2 0.0774536 0.956583 0.0533939 0.0367023
2 0.520738 0.60041 0.0636384 0.0439178
2 0.324172 0.601193 0.0687171 0.0408084
2 0.257228 0.418765 0.17172 0.0812712
4 0.862904 0.60163 0.0802271 0.032115
0 0.109969 0.503862 0.0536738 0.0268488
