1 0.487096 0.265952 0.828755 0.0711169
2 0.199954 0.488417 0.246122 0.0580488
2 0.755424 0.894959 0.185982 0.0636096
0 0.104563 0.104297 0.0465238 0.0436128
2 0.322504 0.697692 0.487966 0.0542102
2 0.342316 0.613733 0.523848 0.0565144
0 0.722422 0.960498 0.0563032 0.0357388
2 0.180676 0.893137 0.109008 0.071837
7 0.227312 0.95923 0.0758394 0.0353888
3 0.473045 0.959211 0.0773679 0.0306777
2 0.230807 0.401272 0.307598 0.058715
4 0.863421 0.107484 0.0517514 0.0495135
2 0.469068 0.89289 0.13241 0.0669339
