7 0.225717 0.958733 0.0512272 0.0377967
2 0.280847 0.546484 0.171405 0.041935
5 0.352235 0.781288 0.691019 0.288435
3 0.472252 0.958689 0.0595207 0.0295462
2 0.0764521 0.957584 0.0497138 0.0367597
2 0.79562 0.817763 0.133551 0.0535036
2 0.478879 0.184316 0.233022 0.126125
1 0.532905 0.30021 0.73314 0.0406001
0 0.721779 0.95773 0.0690547 0.0325244
2 0.796579 0.745157 0.139114 0.0484703
2 0.110658 0.492 0.049897 0.0315644
2 0.525599 0.887136 0.0591925 0.0448766
2 0.71345 0.601815 0.0805387 0.0390531
2 0.796964 0.900876 0.0920527 0.0412955
2 0.108763 0.2999 0.0602912 0.0426792
2 0.392246 0.457989 0.0598703 0.0334793
2 0.584466 0.816862 0.188395 0.0480924
2 0.794535 0.672301 0.133629 0.0575609
