5 0.351204 0.780236 0.690457 0.290121
7 0.225716 0.958708 0.051138 0.0374824
2 0.713548 0.601854 0.0717617 0.0369075
3 0.472164 0.958656 0.0591112 0.0295816
2 0.0767001 0.957539 0.0500712 0.035917
2 0.795573 0.817801 0.134102 0.0534785
0 0.721641 0.957991 0.0688689 0.0332129
2 0.796618 0.745111 0.139063 0.0488094
2 0.860637 0.0664541 0.0694613 0.0290354
2 0.281167 0.546098 0.167215 0.0359807
2 0.794609 0.672452 0.133566 0.0566965
2 0.855834 0.171376 0.0747812 0.0328817
2 0.797071 0.900925 0.0878527 0.0407868
2 0.526381 0.886996 0.0591752 0.0448193
2 0.359043 0.671181 0.203066 0.0495088
