2 0.328887 0.327938 0.501803 0.0534059
2 0.345883 0.239694 0.537322 0.0579932
0 0.10413 0.104726 0.0449645 0.0430033
2 0.231834 0.521084 0.312865 0.0553131
2 0.753949 0.893596 0.191772 0.0677185
2 0.321521 0.414824 0.489512 0.056536
2 0.259161 0.605543 0.369637 0.0568573
3 0.473225 0.95937 0.0814063 0.0313545
0 0.722178 0.960485 0.0619542 0.0373175
7 0.226995 0.959165 0.0746551 0.0359576
2 0.46914 0.892007 0.135635 0.0680753
2 0.180506 0.893975 0.112877 0.0692128
4 0.862528 0.106992 0.0484713 0.0463646
