1 0.16832624113475178 0.2581655172413793 0.11812765957446808 0.08588965517241377
1 0.3313191489361702 0.2589448275862069 0.13195744680851068 0.10917241379310341
1 0.49625531914893617 0.24687586206896553 0.1723687943262411 0.11020689655172411
1 0.6581843971631205 0.25997931034482763 0.13302127659574464 0.07502068965517239
1 0.8206382978723403 0.25531724137931033 0.14365957446808506 0.08847586206896549
1 0.1640709219858156 0.3813103448275862 0.1308936170212766 0.08071724137931031
1 0.3235035460992908 0.3803655172413793 0.13408510638297869 0.07916551724137928
1 0.4918156028368795 0.3724344827586207 0.16990070921985811 0.10262068965517238
1 0.6510921985815603 0.3796758620689655 0.13089361702127655 0.08123448275862066
1 0.8179858156028368 0.3816551724137931 0.11706382978723401 0.07968275862068963
1 0.8864397163120569 0.08717931034482758 0.05533333333333332 0.03259310344827586
1 0.2319858156028369 0.9458137931034484 0.06384397163120566 0.02586896551724153
1 0.4825957446808511 0.947103448275862 0.05426950354609928 0.025351724137931186
1 0.730014184397163 0.9481379310344827 0.057460992907801406 0.024317241379310496
1 0.08459574468085107 0.9460689655172414 0.05214184397163119 0.029489655172413944
5 0.4595744680851064 0.08068965517241379 0.7716312056737589 0.05379310344827586
1 0.5617021276595745 0.8917241379310344 0.06808510638297872 0.037241379310344824
1 0.7049645390070922 0.8944827586206896 0.08226950354609928 0.04
1 0.4099290780141844 0.8958620689655172 0.05390070921985816 0.031724137931034485
1 0.11773049645390071 0.8944827586206896 0.05390070921985816 0.04275862068965517
1 0.8624113475177305 0.8937931034482759 0.09078014184397164 0.044137931034482755
1 0.32907801418439714 0.47379310344827585 0.1475177304964539 0.07586206896551724
1 0.15177304964539007 0.5006896551724138 0.150354609929078 0.13241379310344828