1 0.4941702127659574 0.2831448275862069 0.8100425531914894 0.15277241379310347
1 0.862468085106383 0.1790206896551724 0.04357446808510638 0.030779310344827587
1 0.6876737588652482 0.1134551724137931 0.0720709219858156 0.031268965517241384
1 0.7940992907801419 0.11050344827586206 0.07953191489361702 0.038986206896551724
7 0.8694751773049646 0.1124344827586207 0.029574468085106383 0.031496551724137935
1 0.49984397163120564 0.4269586206896552 0.8030496453900708 0.13833793103448275
1 0.4958156028368794 0.5735931034482759 0.8179716312056737 0.14358620689655172
1 0.4886099290780142 0.7194137931034483 0.8011773049645391 0.14804827586206895
1 0.19292198581560283 0.8838620689655172 0.1468368794326241 0.060565517241379305
1 0.48207092198581564 0.8901034482758622 0.1883262411347518 0.05715862068965517
1 0.7719148936170214 0.8872689655172413 0.14253900709219858 0.06283448275862069
1 0.22956028368794326 0.9428551724137931 0.06608510638297872 0.03330344827586207
1 0.48090780141843975 0.9472827586206897 0.05997163120567376 0.02626896551724138
1 0.7317872340425532 0.9500068965517241 0.06226950354609929 0.0317103448275862