1 0.14042553191489363 0.596551724137931 0.11063829787234042 0.04551724137931035
1 0.3375886524822695 0.5986206896551725 0.11914893617021277 0.04689655172413793
1 0.5333333333333333 0.5993103448275862 0.11914893617021277 0.04827586206896552
1 0.724822695035461 0.5986206896551725 0.1049645390070922 0.04689655172413793
1 0.8794326241134752 0.5986206896551725 0.10212765957446808 0.04689655172413793
1 0.17304964539007092 0.6972413793103448 0.19290780141843972 0.09517241379310344
1 0.38581560283687943 0.6855172413793104 0.13049645390070921 0.07448275862068965
1 0.5943262411347517 0.6875862068965517 0.17872340425531916 0.07586206896551724
1 0.8042553191489362 0.7013793103448276 0.13900709219858157 0.08413793103448276
1 0.17163120567375886 0.8137931034482758 0.1673758865248227 0.08551724137931034
1 0.37872340425531914 0.829655172413793 0.13900709219858157 0.09241379310344827
1 0.5900709219858156 0.8068965517241379 0.10212765957446808 0.06344827586206897
5 0.49645390070921985 0.09172413793103448 0.873758865248227 0.06758620689655172
1 0.08652482269503546 0.9462068965517242 0.05390070921985816 0.03310344827586207
1 0.22836879432624113 0.9455172413793104 0.07092198581560284 0.04275862068965517
1 0.4836879432624113 0.9496551724137932 0.09929078014184398 0.037241379310344824
1 0.7333333333333333 0.9468965517241379 0.08226950354609928 0.031724137931034485