4 0.28038297872340423 0.1741793103448276 0.257177304964539 0.039062068965517234
4 0.2866666666666667 0.22355862068965518 0.25643971631205675 0.0369379310344828
4 0.2865106382978724 0.2722965517241379 0.2614609929078015 0.036103448275862086
4 0.31045390070921985 0.3210689655172414 0.2987234042553192 0.03404827586206897
4 0.27032624113475173 0.37100689655172414 0.21578723404255318 0.03173793103448275
4 0.2985673758865248 0.4183379310344828 0.27757446808510644 0.033262068965517255
4 0.31422695035460996 0.46706896551724136 0.2982695035460993 0.032427586206896536
4 0.27113475177304963 0.5139034482758621 0.2094326241134752 0.03425517241379315
4 0.3244255319148936 0.5630344827586207 0.3133475177304965 0.030331034482758635
4 0.4027801418439716 0.6096551724137931 0.4594042553191489 0.02913793103448276
4 0.31245390070921986 0.6571793103448276 0.27344680851063835 0.02588965517241377
4 0.2957446808510638 0.7062551724137931 0.24534751773049648 0.03220000000000004
4 0.2969361702127659 0.7528758620689656 0.24771631205673758 0.031006896551724162
4 0.30513475177304966 0.8001034482758621 0.2667943262411348 0.029737931034482683
4 0.29500709219858157 0.8485172413793103 0.24919148936170213 0.02955172413793097