5 0.5069361702127659 0.4458344827586207 0.705290780141844 0.04468275862068966
6 0.6004539007092199 0.7995586206896551 0.6858581560283687 0.18904137931034484
1 0.15815602836879433 0.8634137931034483 0.08853900709219859 0.04320689655172414
1 0.15856737588652484 0.8006689655172414 0.09835460992907802 0.045758620689655166
1 0.15608510638297873 0.7352137931034483 0.08439716312056737 0.0472551724137931
1 0.2979148936170213 0.6822482758620689 0.07478014184397162 0.04317931034482759
1 0.39418439716312054 0.6821241379310345 0.08177304964539008 0.047303448275862074
1 0.4959290780141844 0.6846758620689655 0.09375886524822694 0.04220689655172414
1 0.5950354609929078 0.6831793103448276 0.0764822695035461 0.04648965517241379
1 0.6871489361702128 0.6821655172413793 0.08116312056737589 0.04592413793103448
1 0.7853333333333333 0.6815172413793104 0.09497872340425531 0.04463448275862069
1 0.8934893617021276 0.682648275862069 0.10479432624113474 0.04107586206896552
1 0.27712056737588653 0.9740275862068964 0.06313475177304964 0.04327586206896552
1 0.5200425531914894 0.972248275862069 0.06417021276595745 0.03389655172413793
1 0.7611347517730497 0.970793103448276 0.05556028368794327 0.03680689655172414