0 0.5163404255319148 0.3170689655172414 0.8359290780141843 0.07302758620689662
0 0.5165673758865248 0.4824896551724138 0.8280851063829786 0.055441379310344895
0 0.521404255319149 0.6190413793103449 0.8183971631205674 0.06757241379310346
0 0.5222553191489362 0.7131793103448275 0.8117872340425532 0.06212413793103443
0 0.5258723404255319 0.8486137931034483 0.8217872340425534 0.05184827586206885
0 0.528482269503546 0.9283862068965518 0.8214751773049646 0.05264137931034478
1 0.2763404255319149 0.9732758620689655 0.05158865248226951 0.026737931034482746
1 0.519758865248227 0.9714827586206897 0.054241134751773064 0.023151724137931148
1 0.7631914893617021 0.970848275862069 0.05689361702127645 0.02322758620689644
1 0.8053900709219858 0.10054482758620689 0.06104964539007087 0.036820689655172406
1 0.11554609929078014 0.1048 0.050936170212765954 0.02112413793103448