4 0.25256737588652484 0.2939931034482759 0.1911631205673759 0.03660689655172414
4 0.28038297872340423 0.3444551724137931 0.23530496453900707 0.033993103448275865
4 0.2792624113475177 0.39067586206896554 0.2273049645390071 0.02990344827586207
4 0.2556028368794326 0.44226206896551723 0.17997163120567375 0.033744827586206894
4 0.258 0.4881793103448276 0.19052482269503546 0.03324137931034483
4 0.31140425531914895 0.5349448275862069 0.28582978723404256 0.03303448275862069
4 0.3332340425531915 0.5837724137931035 0.32659574468085106 0.029951724137931034
4 0.2936595744680851 0.6319379310344827 0.2445673758865248 0.026951724137931034
4 0.2695177304964539 0.6796 0.1905390070921986 0.029937931034482758
4 0.27191489361702126 0.7267103448275862 0.20107801418439716 0.02903448275862069
1 0.27670921985815605 0.9726827586206898 0.061035460992907804 0.03409655172413793
1 0.520113475177305 0.9727586206896551 0.05004255319148936 0.03144827586206897
1 0.7669503546099291 0.9738482758620689 0.06031205673758866 0.03922758620689655