1 0.27801418439716313 0.44551724137931037 0.14184397163120568 0.09655172413793103
1 0.4907801418439716 0.4475862068965517 0.1702127659574468 0.0896551724137931
1 0.699290780141844 0.44620689655172413 0.150354609929078 0.09517241379310344
1 0.27375886524822696 0.5565517241379311 0.14468085106382977 0.09517241379310344
1 0.48652482269503544 0.5572413793103448 0.150354609929078 0.09655172413793103
1 0.700709219858156 0.56 0.15886524822695036 0.09655172413793103
1 0.28085106382978725 0.6675862068965517 0.15319148936170213 0.09655172413793103
1 0.4907801418439716 0.666896551724138 0.15319148936170213 0.09517241379310344
1 0.6950354609929078 0.666896551724138 0.14184397163120568 0.09241379310344827
1 0.700709219858156 0.323448275862069 0.05106382978723404 0.04827586206896552
4 0.7872340425531915 0.3310344827586207 0.07092198581560284 0.041379310344827586
1 0.23404255319148937 0.9482758620689655 0.07659574468085106 0.04275862068965517
1 0.4765957446808511 0.9413793103448276 0.0851063829787234 0.04827586206896552
1 0.7290780141843972 0.9482758620689655 0.05673758865248227 0.037241379310344824