4 0.3393333333333333 0.17035862068965518 0.3687659574468085 0.03958620689655172
4 0.2745957446808511 0.22057931034482756 0.23929078014184396 0.03204137931034483
4 0.2965390070921986 0.26962758620689653 0.2795602836879433 0.03630344827586207
4 0.27680851063829787 0.3167862068965517 0.23280851063829786 0.03679310344827586
4 0.2841985815602837 0.36818620689655174 0.2439432624113475 0.03161379310344828
4 0.2753900709219858 0.41570344827586203 0.2226950354609929 0.03104827586206897
4 0.3769503546099291 0.46385517241379315 0.4403829787234043 0.03708275862068966
4 0.38575886524822695 0.5125931034482759 0.43249645390070923 0.03187586206896552
4 0.2822695035460993 0.5591724137931035 0.22188652482269505 0.03475862068965517
4 0.2782269503546099 0.6074758620689655 0.21380141843971628 0.03577241379310345
4 0.28631205673758864 0.6565379310344828 0.22998581560283687 0.036524137931034484
4 0.2864255319148936 0.7012 0.2265390070921986 0.0338
4 0.2944113475177305 0.7502896551724139 0.24617021276595746 0.036386206896551726
4 0.29845390070921984 0.797696551724138 0.2542553191489362 0.03383448275862069
4 0.3010921985815603 0.8457034482758621 0.25224113475177307 0.030717241379310343
1 0.2755886524822695 0.9717793103448276 0.07017021276595745 0.0368
1 0.5169219858156029 0.9709931034482759 0.05038297872340426 0.035220689655172416
1 0.7658439716312057 0.970255172413793 0.06398581560283688 0.03197931034482759