1 0.16704964539007092 0.24906896551724136 0.21395744680851064 0.10893103448275865
1 0.6917446808510639 0.11096551724137932 0.059617021276595704 0.03144827586206898
1 0.7925390070921986 0.11315172413793102 0.05936170212765945 0.030965517241379293
7 0.8772765957446809 0.11326896551724139 0.029432624113475178 0.03362758620689654
1 0.20704964539007092 0.8886413793103448 0.1718439716312057 0.030937931034482846
1 0.42721985815602836 0.8877931034482758 0.13617021276595745 0.02681379310344835
1 0.6341702127659574 0.8893103448275862 0.13887943262411342 0.023786206896551573
7 0.8158439716312056 0.8879172413793104 0.08851063829787247 0.03432413793103447
1 0.7302411347517731 0.9484827586206896 0.04441134751773042 0.029441379310344865
1 0.47493617021276596 0.9464206896551723 0.0646382978723405 0.03259310344827601
1 0.23035460992907802 0.9447310344827585 0.06144680851063829 0.029206896551724076
1 0.6042553191489362 0.2489655172413793 0.21560283687943263 0.11724137931034483
1 0.3801418439716312 0.5655172413793104 0.21560283687943263 0.10206896551724139