4 0.28038297872340423 0.1741793103448276 0.257177304964539 0.03906206896551724
4 0.2866666666666667 0.22355862068965518 0.25643971631205675 0.03693793103448276
4 0.2865106382978724 0.2722965517241379 0.26146099290780145 0.03610344827586207
4 0.31045390070921985 0.3210689655172414 0.2987234042553191 0.03404827586206896
4 0.2703262411347518 0.37100689655172414 0.21578723404255318 0.03173793103448276
4 0.2985673758865248 0.4183379310344828 0.2775744680851064 0.03326206896551724
4 0.31422695035460996 0.46706896551724136 0.29826950354609927 0.03242758620689656
4 0.27113475177304963 0.5139034482758621 0.20943262411347519 0.034255172413793104
4 0.3244255319148936 0.5630344827586207 0.31334751773049646 0.030331034482758618
4 0.4027801418439716 0.6096551724137931 0.4594042553191489 0.02913793103448276
4 0.31245390070921986 0.6571793103448276 0.2734468085106383 0.025889655172413793
4 0.2957446808510638 0.7062551724137931 0.24534751773049646 0.0322
4 0.29693617021276597 0.7528758620689656 0.24771631205673758 0.031006896551724138
4 0.30513475177304966 0.8001034482758621 0.26679432624113475 0.029737931034482756
4 0.29500709219858157 0.8485172413793103 0.24919148936170213 0.029551724137931036