1 0.4921985815602837 0.8193103448275862 0.8028368794326242 0.06896551724137931
1 0.7078014184397163 0.26620689655172414 0.4226950354609929 0.03310344827586207
1 0.723404255319149 0.2082758620689655 0.425531914893617 0.030344827586206897
1 0.675177304964539 0.15241379310344827 0.3347517730496454 0.037241379310344824
1 0.675177304964539 0.37448275862068964 0.34609929078014184 0.031724137931034485
1 0.6411347517730497 0.3213793103448276 0.3120567375886525 0.03310344827586207
7 0.8950354609929078 0.09172413793103448 0.04822695035460993 0.04
1 0.10921985815602837 0.08551724137931034 0.08226950354609928 0.041379310344827586
1 0.22695035460992907 0.9462068965517242 0.0851063829787234 0.041379310344827586
1 0.46808510638297873 0.9427586206896552 0.0851063829787234 0.034482758620689655
1 0.7418439716312056 0.9455172413793104 0.09929078014184398 0.034482758620689655