1 0.2297872340425532 0.9475862068965517 0.05106382978723404 0.038620689655172416
1 0.4851063829787234 0.9468965517241379 0.06808510638297872 0.031724137931034485
1 0.7375886524822695 0.9510344827586207 0.04539007092198582 0.031724137931034485
6 0.48936170212765956 0.7655172413793103 0.8765957446808511 0.2979310344827586
1 0.14184397163120568 0.596551724137931 0.07943262411347518 0.028965517241379312
1 0.34609929078014184 0.5951724137931035 0.06808510638297872 0.037241379310344824
1 0.5276595744680851 0.596551724137931 0.06808510638297872 0.037241379310344824
1 0.7290780141843972 0.5972413793103448 0.062411347517730496 0.03586206896551724
1 0.17304964539007092 0.21724137931034482 0.18723404255319148 0.09793103448275862
1 0.3943262411347518 0.22275862068965518 0.20425531914893616 0.10896551724137932
1 0.6056737588652482 0.22275862068965518 0.15602836879432624 0.10896551724137932
1 0.8198581560283688 0.22551724137931034 0.2099290780141844 0.10896551724137932
5 0.502127659574468 0.0910344827586207 0.873758865248227 0.060689655172413794
1 0.18156028368794327 0.46482758620689657 0.15319148936170213 0.05241379310344828
1 0.5319148936170213 0.46551724137931033 0.15602836879432624 0.04827586206896552
7 0.8867234042553191 0.09299310344827587 0.05052482269503546 0.04253793103448276