5 0.5075035460992908 0.367648275862069 0.7015602836879433 0.05097931034482759
1 0.2720992907801419 0.9682275862068966 0.05907801418439716 0.03769655172413793
1 0.5176737588652482 0.9728206896551723 0.05875177304964539 0.038703448275862064
1 0.763886524822695 0.9724068965517242 0.06309219858156027 0.03951724137931034
6 0.597645390070922 0.798855172413793 0.706822695035461 0.19651724137931034
1 0.15651063829787235 0.8674137931034482 0.08375886524822694 0.039020689655172414
1 0.1561418439716312 0.7996068965517242 0.09646808510638298 0.05235172413793103
1 0.15567375886524823 0.735255172413793 0.08543262411347517 0.052944827586206895
1 0.29846808510638295 0.6835862068965518 0.07817021276595744 0.04126896551724138
1 0.3975035460992908 0.6833586206896551 0.07761702127659574 0.035903448275862074
1 0.4947517730496454 0.6825862068965517 0.08361702127659575 0.03599310344827586
1 0.5900567375886525 0.6806758620689656 0.07558865248226951 0.035448275862068966
1 0.684595744680851 0.679951724137931 0.09300709219858155 0.033993103448275865
1 0.7869929078014185 0.6786758620689656 0.08573049645390071 0.03799310344827586
1 0.8836879432624114 0.6789931034482758 0.08387234042553192 0.04026896551724138