4 0.19092198581560282 0.2698689655172414 0.05259574468085104 0.027186206896551695
4 0.19343262411347517 0.3198344827586207 0.05170212765957445 0.02699310344827585
4 0.19426950354609931 0.3678551724137931 0.054226950354609955 0.024586206896551787
4 0.1965390070921986 0.41617931034482764 0.05380141843971632 0.024806896551724158
4 0.19692198581560286 0.4652344827586207 0.04992907801418438 0.023986206896551704
4 0.1990921985815603 0.512551724137931 0.05266666666666666 0.027365517241379353
4 0.20058156028368793 0.5598758620689656 0.059390070921985824 0.02774482758620691
4 0.20063829787234042 0.6076068965517242 0.057716312056737586 0.028255172413793123
4 0.20114893617021276 0.6546068965517241 0.050723404255319134 0.025468965517241423
4 0.2027659574468085 0.7022620689655172 0.05177304964539007 0.025820689655172452
4 0.2043404255319149 0.7496620689655172 0.050184397163120564 0.025682758620689503
1 0.27904964539007093 0.9726 0.06628368794326243 0.031317241379310246
1 0.5185673758865248 0.9712 0.0601843971631205 0.032944827586206885
1 0.7599148936170212 0.9721586206896552 0.05771631205673767 0.033386206896551626