5 0.502127659574468 0.09379310344827586 0.8794326241134752 0.07724137931034483
6 0.48936170212765956 0.7675862068965518 0.8709219858156029 0.2910344827586207
1 0.1347517730496454 0.5917241379310345 0.06524822695035461 0.04689655172413793
1 0.33900709219858155 0.5917241379310345 0.08794326241134752 0.044137931034482755
1 0.5333333333333333 0.5993103448275862 0.07375886524822695 0.04827586206896552
1 0.723404255319149 0.596551724137931 0.06808510638297872 0.037241379310344824
7 0.8808510638297873 0.5979310344827586 0.07092198581560284 0.031724137931034485
1 0.0950354609929078 0.9489655172413793 0.07092198581560284 0.05241379310344828
1 0.2297872340425532 0.9468965517241379 0.06808510638297872 0.04
1 0.47375886524822697 0.9489655172413793 0.09078014184397164 0.038620689655172416
1 0.7219858156028369 0.9434482758620689 0.07659574468085106 0.038620689655172416