4 0.3073900709219859 0.2714 0.2886524822695035 0.0346068965517241
4 0.30821276595744684 0.3211655172413793 0.2944964539007092 0.03600689655172416
4 0.31563120567375885 0.3694551724137931 0.31143262411347516 0.030351724137931028
4 0.3138156028368794 0.4199586206896552 0.2888936170212765 0.03425517241379315
4 0.3180851063829787 0.46626206896551725 0.31212765957446803 0.03075862068965511
4 0.2974609929078014 0.5147172413793104 0.2561702127659574 0.03259310344827586
4 0.3177304964539007 0.561951724137931 0.2904113475177305 0.02995172413793108
4 0.3200709219858156 0.6079379310344828 0.2950780141843972 0.028903448275862127
4 0.3124113475177305 0.6576344827586207 0.2860851063829788 0.031172413793103478
4 0.31988652482269503 0.7039862068965517 0.30103546099290773 0.030848275862068977
4 0.2711205673758865 0.7521310344827585 0.19297872340425526 0.030027586206896526
1 0.2741418439716312 0.9735862068965517 0.056056737588652455 0.030282758620689555
1 0.5201702127659575 0.9719655172413793 0.051900709219858204 0.028068965517241255
1 0.7598581560283688 0.9712137931034482 0.049815602836879275 0.027593103448276014