1 0.21815602836879433 0.6578275862068965 0.2835460992907801 0.05035862068965516
1 0.405886524822695 0.8932620689655173 0.050496453900709254 0.032731034482758645
1 0.5534893617021276 0.8935724137931035 0.05825531914893624 0.032103448275862194
1 0.7069078014184397 0.8948344827586207 0.05956028368794328 0.030848275862068977
1 0.7289219858156029 0.9511724137931035 0.04143262411347523 0.03399310344827584
1 0.48099290780141846 0.9489724137931035 0.04531914893617028 0.028324137931034596
1 0.2311063829787234 0.9448758620689655 0.055673758865248224 0.03021379310344824
7 0.8629219858156029 0.8938896551724138 0.06085106382978736 0.032731034482758645
1 0.8778156028368794 0.08340689655172413 0.05178723404255318 0.029586206896551708
1 0.8033758865248227 0.08529655172413794 0.050496453900709094 0.03588275862068964
1 0.11846808510638297 0.08057931034482758 0.055673758865248224 0.027696551724137947
1 0.1942127659574468 0.07963448275862069 0.03625531914893617 0.02455172413793105