1 0.18411347517730497 0.8793172413793103 0.1595035460992908 0.0684551724137931
1 0.4856170212765958 0.8824689655172413 0.08032624113475177 0.05817931034482759
1 0.7819716312056737 0.8837103448275863 0.17509219858156028 0.06231724137931034
1 0.8344964539007093 0.5060137931034483 0.14370212765957446 0.07473103448275863
1 0.8344964539007093 0.5965310344827587 0.14370212765957446 0.07003448275862069
1 0.8669078014184397 0.22488275862068965 0.10618439716312057 0.05474482758620689
1 0.22777304964539008 0.1548344827586207 0.32865248226950355 0.05561379310344828
1 0.49858156028368794 0.1569241379310345 0.19387234042553192 0.047999999999999994
1 0.7216312056737588 0.15675862068965518 0.23893617021276595 0.051648275862068965
5 0.5016028368794326 0.09324827586206898 0.8831489361702127 0.07007586206896552
1 0.7439574468085106 0.09329655172413794 0.07625531914893617 0.03475862068965517
1 0.8658865248226951 0.09415172413793105 0.0782127659574468 0.0417448275862069
1 0.2297872340425532 0.9455172413793104 0.0851063829787234 0.04
1 0.4723404255319149 0.9448275862068966 0.11063829787234042 0.044137931034482755
1 0.7262411347517731 0.9475862068965517 0.07375886524822695 0.03586206896551724