1 0.16704964539007092 0.24906896551724136 0.21395744680851064 0.1089310344827586
1 0.6917446808510639 0.11096551724137932 0.059617021276595746 0.03144827586206897
1 0.7925390070921986 0.11315172413793102 0.05936170212765958 0.03096551724137931
7 0.8772765957446809 0.11326896551724139 0.029432624113475178 0.03362758620689655
1 0.20704964539007092 0.8886413793103448 0.17184397163120568 0.03093793103448276
1 0.42721985815602836 0.8877931034482758 0.13617021276595745 0.026813793103448277
1 0.6341702127659574 0.8893103448275862 0.13887943262411348 0.023786206896551726
7 0.8158439716312056 0.8879172413793104 0.08851063829787234 0.03432413793103448
1 0.7302411347517731 0.9484827586206896 0.044411347517730494 0.029441379310344826
1 0.47493617021276596 0.9464206896551723 0.06463829787234042 0.03259310344827586
1 0.23035460992907802 0.9447310344827585 0.0614468085106383 0.029206896551724138
1 0.6042553191489362 0.2489655172413793 0.21560283687943263 0.11724137931034483
1 0.3801418439716312 0.5655172413793104 0.21560283687943263 0.10206896551724139