0 0.5163404255319148 0.3170689655172414 0.8359290780141845 0.07302758620689655
0 0.5165673758865248 0.4824896551724138 0.8280851063829786 0.055441379310344825
0 0.5214042553191489 0.6190413793103449 0.8183971631205674 0.06757241379310346
0 0.5222553191489362 0.7131793103448275 0.8117872340425532 0.06212413793103448
0 0.5258723404255319 0.8486137931034483 0.8217872340425532 0.05184827586206897
0 0.528482269503546 0.9283862068965518 0.8214751773049646 0.05264137931034483
1 0.2763404255319149 0.9732758620689655 0.0515886524822695 0.02673793103448276
1 0.519758865248227 0.9714827586206897 0.05424113475177305 0.023151724137931033
1 0.7631914893617021 0.970848275862069 0.05689361702127659 0.02322758620689655
1 0.8053900709219858 0.10054482758620689 0.06104964539007092 0.03682068965517241
1 0.11554609929078014 0.1048 0.050936170212765954 0.021124137931034483