4 0.25256737588652484 0.2939931034482759 0.19116312056737586 0.036606896551724166
4 0.2803829787234043 0.34445517241379314 0.23530496453900707 0.03399310344827584
4 0.2792624113475177 0.39067586206896554 0.2273049645390071 0.029903448275862
4 0.2556028368794326 0.44226206896551723 0.17997163120567375 0.03374482758620694
4 0.258 0.4881793103448276 0.19052482269503546 0.03324137931034486
4 0.3114042553191489 0.5349448275862069 0.28582978723404256 0.03303448275862075
4 0.3332340425531915 0.5837724137931035 0.32659574468085106 0.02995172413793108
4 0.2936595744680851 0.6319379310344827 0.24456737588652486 0.026951724137930986
4 0.2695177304964539 0.6796 0.19053900709219865 0.029937931034482813
4 0.27191489361702126 0.7267103448275862 0.20107801418439716 0.02903448275862063
1 0.27670921985815605 0.9726827586206898 0.061035460992907846 0.03409655172413797
1 0.520113475177305 0.9727586206896551 0.05004255319148932 0.0314482758620689
1 0.7669503546099291 0.9738482758620689 0.060312056737588625 0.03922758620689663