1 0.1829787234042553 0.1993103448275862 0.150354609929078 0.10344827586206896
1 0.39148936170212767 0.19793103448275862 0.15886524822695036 0.1006896551724138
1 0.601418439716312 0.2013793103448276 0.16453900709219857 0.10206896551724139
1 0.8141843971631205 0.2013793103448276 0.1475177304964539 0.09655172413793103
1 0.17872340425531916 0.34551724137931034 0.15319148936170213 0.09793103448275862
1 0.39290780141843973 0.3468965517241379 0.13900709219858157 0.09517241379310344
1 0.5985815602836879 0.34758620689655173 0.1475177304964539 0.0993103448275862
1 0.8099290780141843 0.34551724137931034 0.13333333333333333 0.09241379310344827
1 0.18014184397163122 0.4917241379310345 0.14468085106382977 0.09241379310344827
1 0.3872340425531915 0.4896551724137931 0.150354609929078 0.0910344827586207
1 0.5957446808510638 0.49310344827586206 0.1475177304964539 0.0896551724137931
1 0.8042553191489362 0.49379310344827587 0.13900709219858157 0.08827586206896551
1 0.18156028368794327 0.6337931034482759 0.1475177304964539 0.09517241379310344
1 0.3872340425531915 0.6337931034482759 0.150354609929078 0.09793103448275862
1 0.5957446808510638 0.6337931034482759 0.15886524822695036 0.09241379310344827
1 0.798581560283688 0.6358620689655172 0.16170212765957448 0.09655172413793103
1 0.17446808510638298 0.7744827586206896 0.16170212765957448 0.1006896551724138
1 0.38156028368794326 0.7751724137931034 0.15602836879432624 0.09655172413793103
1 0.5872340425531914 0.7758620689655172 0.15319148936170213 0.09793103448275862
1 0.7957446808510639 0.7772413793103449 0.150354609929078 0.10344827586206896
1 0.22836879432624113 0.9448275862068966 0.07092198581560284 0.038620689655172416
1 0.4765957446808511 0.9462068965517242 0.07375886524822695 0.03586206896551724
1 0.7319148936170212 0.9482758620689655 0.07943262411347518 0.037241379310344824
5 0.4978723404255319 0.09448275862068965 0.8822695035460993 0.06206896551724138
7 0.8893617021276595 0.09586206896551724 0.0425531914893617 0.04551724137931035