0 0.8594468085106383 0.29042758620689657 0.14984397163120566 0.04547586206896551
1 0.11019858156028368 0.10414482758620688 0.06517730496453901 0.034613793103448275
1 0.7052340425531914 0.10355172413793104 0.06022695035460993 0.04162068965517241
1 0.8074468085106383 0.10137241379310345 0.0593049645390071 0.03724827586206896
1 0.9078865248226949 0.10100689655172414 0.06493617021276596 0.036524137931034484
1 0.36354609929078013 0.36455862068965517 0.5281276595744681 0.052979310344827585
1 0.3275460992907801 0.4422827586206896 0.45947517730496457 0.05621379310344828
1 0.41527659574468084 0.5185448275862069 0.6281843971631206 0.05653103448275862
1 0.3012624113475177 0.6014620689655172 0.38334751773049647 0.05868965517241379
1 0.28265248226950357 0.6752275862068966 0.34276595744680854 0.05236551724137931
1 0.27994326241134754 0.752551724137931 0.35417021276595745 0.053179310344827584
1 0.283404255319149 0.8277310344827586 0.34425531914893615 0.05131034482758621
1 0.27770212765957447 0.9050896551724139 0.34968794326241137 0.05382068965517242
1 0.2770354609929078 0.9712896551724137 0.04875177304964538 0.03728275862068966
1 0.4891205673758865 0.9569586206896551 0.0016595744680851063 0.0004344827586206897