4 0.30739007092198584 0.2714 0.2886524822695035 0.03460689655172414
4 0.3082127659574468 0.3211655172413793 0.2944964539007092 0.036006896551724135
4 0.31563120567375885 0.3694551724137931 0.31143262411347516 0.030351724137931035
4 0.3138156028368794 0.4199586206896552 0.2888936170212766 0.034255172413793104
4 0.3180851063829787 0.46626206896551725 0.3121276595744681 0.030758620689655174
4 0.2974609929078014 0.5147172413793104 0.2561702127659574 0.03259310344827586
4 0.3177304964539007 0.561951724137931 0.2904113475177305 0.029951724137931034
4 0.3200709219858156 0.6079379310344828 0.29507801418439716 0.028903448275862068
4 0.3124113475177305 0.6576344827586207 0.28608510638297874 0.03117241379310345
4 0.31988652482269503 0.7039862068965517 0.3010354609929078 0.030848275862068963
4 0.2711205673758865 0.7521310344827585 0.19297872340425534 0.03002758620689655
1 0.2741418439716312 0.9735862068965517 0.05605673758865248 0.030282758620689652
1 0.5201702127659575 0.9719655172413793 0.05190070921985816 0.028068965517241383
1 0.7598581560283688 0.9712137931034482 0.04981560283687943 0.02759310344827586