1 0.23546099290780143 0.19517241379310346 0.11914893617021277 0.031724137931034485
1 0.500709219858156 0.19379310344827586 0.16170212765957448 0.031724137931034485
1 0.7574468085106383 0.19586206896551725 0.16453900709219857 0.02482758620689655
7 0.8765957446808511 0.1103448275862069 0.03971631205673759 0.05517241379310345
1 0.23120567375886525 0.6248275862068966 0.22411347517730495 0.11586206896551725
1 0.48936170212765956 0.6262068965517241 0.23546099290780143 0.12413793103448276
1 0.750354609929078 0.6310344827586207 0.24680851063829787 0.1310344827586207
1 0.48936170212765956 0.7751724137931034 0.29219858156028367 0.07724137931034483
1 0.1673758865248227 0.8896551724137931 0.13049645390070921 0.03310344827586207
1 0.37163120567375885 0.8848275862068965 0.22127659574468084 0.034482758620689655
1 0.6113475177304964 0.8896551724137931 0.20709219858156028 0.03310344827586207
1 0.7319148936170212 0.9468965517241379 0.03404255319148936 0.034482758620689655
1 0.8042553191489362 0.8910344827586207 0.1276595744680851 0.0496551724137931
1 0.22695035460992907 0.9448275862068966 0.062411347517730496 0.041379310344827586
1 0.4723404255319149 0.9455172413793104 0.059574468085106386 0.037241379310344824