1 0.4941702127659574 0.28314482758620696 0.8100425531914895 0.15277241379310344
1 0.862468085106383 0.1790206896551724 0.04357446808510642 0.030779310344827584
1 0.6876737588652482 0.1134551724137931 0.07207092198581569 0.0312689655172414
1 0.7940992907801419 0.11050344827586206 0.07953191489361693 0.038986206896551745
7 0.8694751773049646 0.1124344827586207 0.029574468085106255 0.03149655172413794
1 0.49984397163120564 0.4269586206896552 0.8030496453900707 0.1383379310344827
1 0.4958156028368794 0.5735931034482759 0.8179716312056737 0.14358620689655174
1 0.4886099290780142 0.7194137931034483 0.8011773049645389 0.148048275862069
1 0.19292198581560283 0.8838620689655172 0.14683687943262408 0.06056551724137942
1 0.48207092198581564 0.8901034482758622 0.18832624113475174 0.05715862068965525
1 0.7719148936170214 0.8872689655172413 0.1425390070921986 0.06283448275862077
1 0.22956028368794326 0.9428551724137931 0.06608510638297868 0.03330344827586204
1 0.48090780141843975 0.9472827586206897 0.05997163120567372 0.02626896551724148
1 0.7317872340425532 0.9500068965517241 0.06226950354609942 0.031710344827586216