5 0.5086241134751773 0.4329448275862069 0.7099858156028369 0.04976551724137931
6 0.597758865248227 0.7986275862068966 0.6959574468085106 0.19086896551724136
1 0.2784397163120568 0.9708413793103449 0.06011347517730497 0.03219310344827586
1 0.5169219858156029 0.9720068965517242 0.05178723404255319 0.025034482758620687
1 0.7609787234042553 0.9716689655172415 0.05460992907801419 0.025710344827586207
1 0.15686524822695036 0.7358689655172413 0.08751773049645391 0.04500689655172414
1 0.15818439716312055 0.7996206896551724 0.08736170212765958 0.04776551724137931
1 0.15858156028368794 0.8634137931034483 0.09651063829787235 0.04923448275862069
1 0.2964113475177305 0.6824758620689655 0.07374468085106384 0.03721379310344828
1 0.39892198581560284 0.6817931034482759 0.047262411347517734 0.027717241379310344
1 0.4956170212765958 0.6824758620689655 0.062156028368794324 0.026365517241379307
1 0.5935460992907802 0.6810758620689655 0.057219858156028376 0.030358620689655176
1 0.6915602836879433 0.6810758620689655 0.04964539007092199 0.030358620689655176
1 0.7892624113475176 0.681344827586207 0.05259574468085106 0.03224137931034483
1 0.8894468085106382 0.6801793103448276 0.0828368794326241 0.039400000000000004