1 0.2833333333333333 0.44501379310344824 0.15086524822695038 0.09871034482758628
1 0.2833333333333333 0.44501379310344824 0.15086524822695038 0.09871034482758628
1 0.48747517730496454 0.44571724137931035 0.14418439716312054 0.09406896551724145
1 0.7032482269503546 0.4452137931034482 0.14415602836879432 0.09508275862068959
1 0.28083687943262414 0.5566551724137931 0.14588652482269507 0.09803448275862076
1 0.4885248226950355 0.5574620689655173 0.14211347517730488 0.09964827586206897
1 0.6990921985815604 0.5581655172413793 0.15245390070921988 0.09500689655172413
1 0.2785531914893617 0.6694 0.1537588652482269 0.09352413793103441
1 0.49141843971631205 0.6670827586206897 0.1562127659574468 0.09493793103448266
1 0.6974326241134752 0.668393103448276 0.14913475177304963 0.09554482758620687
1 0.2766950354609929 0.7770068965517242 0.15418439716312055 0.10092413793103458
1 0.7018014184397163 0.3258206896551724 0.054113475177305095 0.03384137931034486
1 0.22960283687943264 0.9446965517241379 0.07243971631205673 0.03680689655172406
1 0.4760709219858156 0.9471172413793103 0.06741843971631202 0.033572413793103335
1 0.7287659574468085 0.9472137931034483 0.0665531914893618 0.0317586206896553
4 0.7872340425531915 0.3275862068965517 0.08226950354609928 0.04551724137931035