5 0.5075035460992908 0.367648275862069 0.7015602836879433 0.05097931034482764
1 0.2720992907801419 0.9682275862068966 0.05907801418439713 0.03769655172413783
1 0.5176737588652482 0.9728206896551723 0.05875177304964533 0.038703448275861994
1 0.763886524822695 0.9724068965517242 0.06309219858156032 0.039517241379310473
6 0.597645390070922 0.798855172413793 0.706822695035461 0.19651724137931023
1 0.15651063829787235 0.8674137931034482 0.08375886524822697 0.039020689655172365
1 0.1561418439716312 0.7996068965517242 0.09646808510638301 0.05235172413793093
1 0.15567375886524823 0.735255172413793 0.0854326241134752 0.05294482758620688
1 0.29846808510638295 0.6835862068965518 0.07817021276595747 0.041268965517241324
1 0.3975035460992908 0.6833586206896551 0.07761702127659578 0.03590344827586203
1 0.4947517730496454 0.6825862068965517 0.08361702127659582 0.0359931034482759
1 0.5900567375886525 0.6806758620689656 0.07558865248226945 0.03544827586206903
1 0.684595744680851 0.679951724137931 0.09300709219858147 0.03399310344827584
1 0.7869929078014185 0.6786758620689656 0.08573049645390078 0.037993103448275806
1 0.8836879432624114 0.6789931034482758 0.08387234042553207 0.04026896551724145