0 0.8594468085106383 0.29042758620689657 0.1498439716312058 0.045475862068965554
1 0.11019858156028368 0.10414482758620688 0.065177304964539 0.034613793103448275
1 0.7052340425531914 0.10355172413793104 0.06022695035460998 0.04162068965517243
1 0.8074468085106383 0.10137241379310345 0.059304964539007014 0.03724827586206896
1 0.9078865248226949 0.10100689655172414 0.06493617021276592 0.03652413793103447
1 0.36354609929078013 0.36455862068965517 0.5281276595744682 0.05297931034482754
1 0.3275460992907801 0.4422827586206896 0.45947517730496457 0.05621379310344827
1 0.41527659574468084 0.5185448275862069 0.6281843971631205 0.05653103448275864
1 0.3012624113475177 0.6014620689655172 0.38334751773049647 0.05868965517241373
1 0.28265248226950357 0.6752275862068966 0.34276595744680854 0.052365517241379354
1 0.27994326241134754 0.752551724137931 0.3541702127659575 0.053179310344827674
1 0.283404255319149 0.8277310344827586 0.3442553191489361 0.05131034482758627
1 0.27770212765957447 0.9050896551724139 0.34968794326241137 0.053820689655172387
1 0.2770354609929078 0.9712896551724137 0.0487517730496454 0.03728275862068962
1 0.4891205673758865 0.9569586206896551 0.0016595744680850484 0.0004344827586207649