4 0.3393333333333334 0.1703586206896552 0.3687659574468085 0.03958620689655171
4 0.2745957446808511 0.22057931034482756 0.23929078014184396 0.032041379310344856
4 0.2965390070921986 0.26962758620689653 0.27956028368794333 0.03630344827586206
4 0.2768085106382979 0.3167862068965517 0.23280851063829786 0.036793103448275875
4 0.2841985815602837 0.36818620689655174 0.24394326241134753 0.031613793103448216
4 0.2753900709219858 0.41570344827586203 0.2226950354609929 0.031048275862068955
4 0.3769503546099291 0.46385517241379315 0.4403829787234043 0.037082758620689646
4 0.38575886524822695 0.5125931034482759 0.4324964539007092 0.03187586206896554
4 0.2822695035460993 0.5591724137931035 0.22188652482269514 0.03475862068965523
4 0.2782269503546099 0.6074758620689655 0.21380141843971626 0.03577241379310337
4 0.2863120567375886 0.6565379310344828 0.22998581560283687 0.036524137931034505
4 0.2864255319148936 0.7012 0.22653900709219862 0.03380000000000015
4 0.2944113475177305 0.7502896551724139 0.24617021276595755 0.03638620689655187
4 0.2984539007092198 0.797696551724138 0.2542553191489362 0.03383448275862065
4 0.3010921985815603 0.8457034482758621 0.252241134751773 0.03071724137931032
1 0.2755886524822695 0.9717793103448276 0.0701702127659574 0.03680000000000009
1 0.5169219858156029 0.9709931034482759 0.05038297872340423 0.03522068965517253
1 0.7658439716312057 0.970255172413793 0.06398581560283674 0.03197931034482751