4 0.19092198581560282 0.2698689655172414 0.05259574468085106 0.027186206896551726
4 0.19343262411347517 0.3198344827586207 0.05170212765957447 0.026993103448275862
4 0.19426950354609931 0.3678551724137931 0.05422695035460993 0.024586206896551725
4 0.1965390070921986 0.41617931034482764 0.05380141843971631 0.024806896551724137
4 0.19692198581560286 0.4652344827586207 0.0499290780141844 0.023986206896551725
4 0.1990921985815603 0.512551724137931 0.05266666666666667 0.02736551724137931
4 0.20058156028368793 0.5598758620689656 0.05939007092198581 0.027744827586206895
4 0.20063829787234042 0.6076068965517242 0.057716312056737586 0.028255172413793102
4 0.20114893617021276 0.6546068965517241 0.05072340425531915 0.025468965517241378
4 0.2027659574468085 0.7022620689655172 0.05177304964539007 0.025820689655172414
4 0.2043404255319149 0.7496620689655172 0.05018439716312057 0.025682758620689656
1 0.27904964539007093 0.9726 0.0662836879432624 0.03131724137931034
1 0.5185673758865248 0.9712 0.060184397163120566 0.0329448275862069
1 0.7599148936170212 0.9721586206896552 0.057716312056737586 0.03338620689655172