2 0.607334 0.665483 0.161552 0.104981
2 0.825283 0.521448 0.20427 0.107301
8 0.514025 0.0850349 0.853535 0.0695906
2 0.815575 0.817917 0.193904 0.107972
2 0.19507 0.203226 0.203846 0.112452
2 0.618981 0.364008 0.168052 0.101383
2 0.185214 0.662802 0.183242 0.101329
2 0.834638 0.363796 0.161952 0.103223
2 0.192632 0.358547 0.173307 0.107178
2 0.628797 0.205427 0.158435 0.107758
2 0.819476 0.666375 0.160244 0.105323
2 0.407539 0.362974 0.159553 0.105744
2 0.180312 0.815682 0.158545 0.103434
2 0.844513 0.207455 0.159221 0.109017
2 0.602749 0.816793 0.165616 0.103864
2 0.398932 0.513015 0.162486 0.104148
2 0.187915 0.511368 0.152844 0.10333
2 0.389316 0.813929 0.158572 0.10321
2 0.410589 0.213325 0.161992 0.129839
7 0.239355 0.968497 0.0759152 0.0362467
2 0.39554 0.665077 0.156034 0.100267
2 0.608274 0.523985 0.190463 0.119469
3 0.49255 0.971885 0.0766348 0.0377268
0 0.749555 0.975275 0.0632597 0.0409027
4 0.912345 0.0866329 0.0554634 0.0509689
