2 0.321784 0.724954 0.459224 0.0553086
2 0.301243 0.450791 0.40865 0.0580677
2 0.319535 0.588379 0.45048 0.0573092
2 0.133297 0.928475 0.104934 0.0504267
2 0.23849 0.657079 0.291333 0.0509619
2 0.363168 0.79346 0.553674 0.0558996
2 0.317581 0.310292 0.43977 0.0595129
2 0.38241 0.518129 0.577958 0.0584109
2 0.140837 0.792735 0.0978144 0.0491007
2 0.404306 0.37931 0.623783 0.0606068
2 0.137347 0.862461 0.0996757 0.051971
7 0.239344 0.971104 0.046632 0.0324768
2 0.492069 0.238641 0.800888 0.0632149
0 0.74777 0.974596 0.0533472 0.0468456
2 0.147877 0.587011 0.0975881 0.0489792
4 0.907804 0.110199 0.0328018 0.0442137
3 0.492882 0.972398 0.0648337 0.0387798
2 0.404602 0.166955 0.614781 0.0597521
2 0.813824 0.11161 0.0622668 0.0384675
3 0.335324 0.0363825 0.0185233 0.0265486
