7 0.240442 0.969844 0.0684373 0.0483153
3 0.49234 0.972055 0.0778047 0.0398052
0 0.143958 0.104491 0.0485678 0.0495381
0 0.746833 0.974457 0.0777669 0.0462189
2 0.138638 0.589077 0.0663778 0.0393697
6 0.430516 0.330731 0.661793 0.0735533
6 0.45898 0.513608 0.701915 0.0724626
6 0.441669 0.24936 0.680319 0.0545736
2 0.428915 0.330722 0.659104 0.075089
6 0.453734 0.424473 0.716582 0.0716673
6 0.329683 0.184209 0.456032 0.0526351
2 0.45275 0.42462 0.711861 0.0707334
3 0.335944 0.0371203 0.0237596 0.0309926
