4 0.139522 0.362278 0.0774205 0.0440388
2 0.422724 0.592415 0.656738 0.0724262
7 0.238984 0.971332 0.0480489 0.0326919
4 0.889659 0.366995 0.044677 0.0421282
2 0.343296 0.484656 0.497631 0.0620165
0 0.747571 0.974903 0.0520422 0.0459378
2 0.345099 0.719306 0.502063 0.0585708
2 0.693397 0.36473 0.0721563 0.0470203
2 0.135527 0.924701 0.102641 0.054497
2 0.35405 0.854714 0.55321 0.054773
2 0.80058 0.366924 0.0738285 0.0418045
2 0.339488 0.788446 0.511697 0.0584636
2 0.143737 0.717263 0.100775 0.0505233
3 0.491465 0.973201 0.0731516 0.0330639
2 0.15038 0.484194 0.101798 0.0546686
2 0.147336 0.5905 0.10203 0.0544977
