8 0.515907 0.08532 0.857034 0.0698538
2 0.60161 0.815287 0.186405 0.103923
2 0.39554 0.663436 0.161133 0.103807
2 0.607216 0.665307 0.158219 0.104326
2 0.816643 0.819882 0.184775 0.105588
2 0.842982 0.205838 0.177047 0.111563
2 0.404183 0.362309 0.166725 0.101871
2 0.628155 0.206033 0.162388 0.108576
2 0.826013 0.516953 0.181582 0.103704
2 0.833414 0.362993 0.155932 0.103867
2 0.611369 0.517207 0.19874 0.105654
2 0.192979 0.361735 0.158825 0.11077
2 0.183621 0.663283 0.157249 0.102
2 0.819709 0.669811 0.160885 0.0984133
2 0.389934 0.815029 0.164051 0.101373
2 0.620634 0.362782 0.162646 0.10421
2 0.178998 0.813682 0.158953 0.105883
2 0.187569 0.513808 0.164491 0.110499
2 0.412762 0.20505 0.15599 0.107503
2 0.195769 0.212359 0.160806 0.130625
7 0.239197 0.968552 0.0760547 0.0358887
2 0.396269 0.522312 0.190366 0.12
3 0.492224 0.972044 0.0765975 0.0376238
0 0.749458 0.975128 0.0640934 0.0413414
4 0.91253 0.0862991 0.0553046 0.0511761
