2 0.512623 0.356442 0.228027 0.0505969
2 0.304411 0.85601 0.431912 0.0346214
0 0.142493 0.105873 0.0499579 0.0506321
7 0.239212 0.970649 0.0525486 0.0407631
2 0.718592 0.651328 0.385994 0.0390204
2 0.274138 0.55622 0.349049 0.0382965
3 0.491741 0.973376 0.0654837 0.0308229
2 0.909015 0.112275 0.0778474 0.0445771
0 0.748786 0.974557 0.0532999 0.0464875
2 0.713582 0.46467 0.402914 0.0379723
2 0.266987 0.601453 0.330982 0.0371166
2 0.752225 0.605092 0.320865 0.0384346
2 0.341753 0.787631 0.505793 0.0429983
2 0.738844 0.512025 0.352104 0.038652
