9 0.497714 0.788413 0.914654 0.288171
2 0.767942 0.612478 0.0889457 0.0511753
2 0.131409 0.608343 0.0851902 0.0514466
2 0.289853 0.608707 0.0899456 0.0495657
2 0.607997 0.610577 0.0908209 0.0492439
7 0.240742 0.971623 0.0658127 0.0450243
2 0.889378 0.977503 0.0702133 0.0334672
2 0.448078 0.609011 0.0874755 0.0495939
3 0.492262 0.973 0.063743 0.0360001
0 0.746962 0.974288 0.0874248 0.0379562
8 0.510733 0.375423 0.813002 0.0647227
2 0.787527 0.376081 0.196013 0.0360158
3 0.33778 0.0365889 0.0227603 0.02705
4 0.904914 0.614656 0.0854812 0.0290683
