8 0.516375 0.0853004 0.857877 0.0699234
2 0.601633 0.815343 0.186545 0.103995
2 0.395861 0.663484 0.161164 0.103989
2 0.607396 0.66536 0.158106 0.104353
2 0.816763 0.819943 0.185167 0.105375
2 0.842506 0.205749 0.17744 0.111581
2 0.404188 0.362277 0.166807 0.102386
2 0.833731 0.362944 0.156102 0.104218
2 0.825763 0.517096 0.181786 0.10397
2 0.62835 0.206298 0.161651 0.108976
2 0.61129 0.517386 0.198562 0.105926
2 0.193136 0.36169 0.158149 0.110658
2 0.820087 0.669871 0.16062 0.0983514
2 0.389945 0.815075 0.163958 0.101336
2 0.620546 0.362882 0.162504 0.103967
2 0.183946 0.663323 0.157283 0.101849
2 0.412411 0.204711 0.156527 0.107487
2 0.178427 0.813292 0.158886 0.106095
7 0.239233 0.968602 0.0761756 0.0359482
2 0.187532 0.513901 0.163862 0.110629
2 0.195487 0.212255 0.160946 0.130267
2 0.396229 0.522298 0.190363 0.11995
3 0.492397 0.971962 0.0769915 0.0377264
0 0.74934 0.974901 0.0633623 0.041436
4 0.912484 0.0863198 0.0554189 0.0508649
