8 0.517388 0.0850762 0.861441 0.071019
2 0.813952 0.820409 0.154127 0.105125
2 0.619216 0.364483 0.158552 0.110599
2 0.829537 0.364135 0.209495 0.110753
2 0.60136 0.825493 0.167055 0.123513
2 0.186278 0.512768 0.166502 0.108804
2 0.611895 0.51613 0.158397 0.104626
2 0.410223 0.204811 0.175708 0.110617
2 0.402121 0.513839 0.174094 0.108152
2 0.408282 0.363299 0.154418 0.105814
2 0.843514 0.206394 0.203418 0.115565
2 0.628201 0.207219 0.16199 0.111887
2 0.391313 0.815623 0.155204 0.101971
2 0.607756 0.666373 0.156024 0.102102
2 0.196953 0.203967 0.158103 0.108949
2 0.183889 0.66371 0.155837 0.104689
2 0.826973 0.517598 0.160865 0.104454
2 0.82026 0.667707 0.16193 0.103645
2 0.179796 0.815227 0.155195 0.104749
2 0.395314 0.665132 0.159409 0.102388
2 0.193967 0.361547 0.162141 0.111227
7 0.239151 0.968603 0.0759746 0.0361
3 0.492094 0.971802 0.0743707 0.0375641
0 0.749807 0.975553 0.063335 0.0399266
4 0.912109 0.0865086 0.0547831 0.0512339
