0 0.747042 0.976789 0.0400347 0.0387264
3 0.492404 0.973411 0.0750683 0.0350914
2 0.292472 0.288013 0.394794 0.0468472
2 0.282179 0.770166 0.404406 0.0368654
2 0.318116 0.903325 0.120859 0.0549541
2 0.198601 0.700414 0.245195 0.0338622
7 0.239562 0.972501 0.0454583 0.0348835
2 0.266138 0.426515 0.351063 0.0401782
2 0.259549 0.63432 0.354199 0.0358255
2 0.242504 0.497199 0.314752 0.0356989
2 0.219978 0.355485 0.257458 0.0358358
2 0.14171 0.904525 0.105072 0.0539373
8 0.306787 0.143937 0.425004 0.0387021
4 0.851315 0.898179 0.0768753 0.0294645
2 0.917834 0.0740081 0.0430556 0.0338709
8 0.304661 0.21672 0.417623 0.0440851
2 0.305558 0.143832 0.427561 0.0391421
2 0.163143 0.836305 0.172637 0.0333169
