9 0.496843 0.786524 0.913817 0.291739
2 0.768632 0.614288 0.0852397 0.0458831
2 0.764049 0.540382 0.157057 0.0790218
2 0.608791 0.613589 0.0836308 0.0463817
2 0.130309 0.609935 0.0824533 0.0466155
2 0.447675 0.611774 0.0842742 0.0474638
2 0.288691 0.610705 0.0854529 0.0463141
2 0.889485 0.977672 0.0693208 0.0325489
7 0.240849 0.9715 0.0666163 0.0456017
3 0.492313 0.973101 0.0637498 0.0361026
0 0.746465 0.974408 0.0874095 0.0377694
2 0.250791 0.426399 0.188479 0.122929
2 0.723878 0.30745 0.0601517 0.0446867
2 0.767875 0.430675 0.157938 0.128195
2 0.503544 0.537113 0.165782 0.0806032
2 0.507825 0.410047 0.17063 0.0908066
6 0.817791 0.310066 0.0651483 0.0413398
4 0.905117 0.615864 0.0800174 0.0260157
