2 0.492805 0.914585 0.128801 0.0543133
0 0.747197 0.976584 0.0362852 0.0370969
2 0.674036 0.915799 0.158307 0.0536369
2 0.671977 0.606494 0.357055 0.0946185
0 0.132324 0.0955838 0.065435 0.0436948
2 0.132978 0.909829 0.0828941 0.0599205
3 0.492394 0.973187 0.0769469 0.0364475
2 0.623338 0.242737 0.239788 0.0311628
7 0.239264 0.972899 0.045682 0.0332031
2 0.752992 0.694094 0.0604064 0.0375891
2 0.642625 0.442646 0.206296 0.0410515
2 0.856512 0.823964 0.0803564 0.0403139
2 0.858286 0.910147 0.0631027 0.0452023
2 0.312857 0.910291 0.133147 0.0536182
2 0.61652 0.286802 0.220201 0.0264622
