8 0.51605 0.0848703 0.858478 0.0707123
2 0.61999 0.36419 0.158468 0.110077
2 0.814109 0.820578 0.154189 0.105223
2 0.830596 0.36402 0.211639 0.110766
2 0.60158 0.825421 0.167702 0.123475
2 0.18635 0.512218 0.166973 0.108985
2 0.410346 0.204821 0.176044 0.110578
2 0.611872 0.516074 0.158441 0.103949
2 0.40831 0.363062 0.154105 0.105866
2 0.401943 0.513889 0.175072 0.107667
2 0.843072 0.2068 0.20401 0.113464
2 0.628 0.207182 0.162832 0.11144
2 0.390931 0.815728 0.154952 0.101902
2 0.607867 0.666341 0.155982 0.101782
2 0.827 0.517484 0.160845 0.103902
2 0.196506 0.203761 0.157613 0.108925
2 0.183734 0.663477 0.155832 0.104397
2 0.820418 0.667522 0.16163 0.103453
2 0.179869 0.815711 0.155409 0.10387
2 0.395268 0.664812 0.159653 0.102706
2 0.193937 0.361578 0.162304 0.111692
7 0.239164 0.968579 0.0754962 0.0358993
3 0.492268 0.971861 0.0742347 0.0375397
0 0.749572 0.975409 0.0627537 0.0398827
4 0.912756 0.0864778 0.0550927 0.0517856
