2 0.591971 0.899171 0.113058 0.0595288
0 0.132875 0.0857797 0.0578243 0.0398904
2 0.728906 0.900392 0.115429 0.0607979
2 0.184783 0.895404 0.117892 0.0586725
2 0.917222 0.0924879 0.110695 0.0620894
2 0.790914 0.0913526 0.0609955 0.0418394
7 0.237501 0.970929 0.0741599 0.0342812
2 0.320675 0.896509 0.115187 0.0586861
0 0.747798 0.977151 0.053369 0.0386032
3 0.491708 0.973151 0.0749266 0.0303113
2 0.456738 0.898472 0.118789 0.0574418
2 0.846142 0.903465 0.0761465 0.0650776
3 0.335487 0.0359916 0.0217849 0.0260619
2 0.854865 0.300162 0.0604747 0.0450015
