2 0.307245 0.181279 0.40901 0.0563418
2 0.430127 0.435778 0.672308 0.0807136
2 0.136963 0.881242 0.101829 0.0544541
2 0.370576 0.32508 0.547255 0.0625555
2 0.310785 0.253188 0.421083 0.0551331
7 0.240258 0.971246 0.0507371 0.0354031
0 0.747864 0.974981 0.0534256 0.048069
2 0.360577 0.766401 0.548077 0.0648208
4 0.907652 0.110546 0.0360496 0.0426864
2 0.707658 0.10996 0.0688217 0.0478062
3 0.4923 0.972736 0.0656256 0.0379322
2 0.148872 0.559055 0.101109 0.051186
2 0.814959 0.112167 0.0700007 0.039115
2 0.146625 0.627482 0.101076 0.0505536
2 0.34753 0.562046 0.5125 0.0582447
2 0.340271 0.628444 0.502776 0.0598593
3 0.33579 0.0364793 0.0202262 0.0274358
2 0.15508 0.251906 0.099064 0.0513185
2 0.151965 0.43113 0.102772 0.0556627
2 0.369298 0.69559 0.568718 0.0636844
