2 0.151336 0.0933184 0.113575 0.062866
2 0.611141 0.897639 0.112441 0.0701519
3 0.492393 0.973674 0.063189 0.0364723
2 0.505112 0.697996 0.266528 0.0356224
2 0.152364 0.895182 0.0949979 0.0704731
2 0.746503 0.0966734 0.129769 0.0671602
2 0.378931 0.897602 0.135871 0.0666042
2 0.895312 0.0984125 0.120691 0.0625469
0 0.747856 0.977243 0.0487685 0.0419331
7 0.240538 0.973004 0.0621694 0.0421475
2 0.570572 0.560487 0.283284 0.0572035
2 0.83639 0.896785 0.0690631 0.0492781
2 0.833429 0.901921 0.189645 0.0645493
3 0.335195 0.0360677 0.0186106 0.0252149
