9 0.496144 0.787827 0.910683 0.288549
2 0.768528 0.613377 0.0889207 0.0484537
2 0.511927 0.420571 0.17071 0.110445
2 0.25418 0.417866 0.163235 0.10906
2 0.130806 0.609621 0.0835338 0.0463192
2 0.768697 0.422469 0.177403 0.113654
2 0.607883 0.611932 0.0843581 0.0461782
2 0.889629 0.977674 0.0697794 0.0326657
2 0.448216 0.610455 0.0858115 0.047518
7 0.240824 0.971651 0.067012 0.0456482
2 0.28956 0.610268 0.0849838 0.0444162
3 0.492332 0.973068 0.0637764 0.0360763
0 0.74659 0.974435 0.0876405 0.0377694
2 0.248976 0.538251 0.151078 0.0805103
2 0.724283 0.308207 0.0598227 0.0434695
6 0.817397 0.310588 0.0625034 0.0395461
