2 0.813945 0.820557 0.153846 0.105252
2 0.619195 0.36442 0.158546 0.109838
8 0.519343 0.0853046 0.866522 0.0703861
2 0.82901 0.363758 0.209238 0.111625
2 0.611544 0.515795 0.157731 0.104308
2 0.186732 0.512426 0.165129 0.108518
2 0.60145 0.825965 0.166872 0.124413
2 0.410541 0.205514 0.175323 0.110646
2 0.407875 0.363619 0.153052 0.106001
2 0.401878 0.514049 0.175022 0.107741
2 0.391731 0.815971 0.155411 0.102372
2 0.843526 0.207765 0.205467 0.114895
2 0.60805 0.666261 0.155417 0.101721
2 0.197066 0.203871 0.158706 0.108694
2 0.627866 0.208002 0.162712 0.113036
2 0.184373 0.663441 0.155629 0.104512
2 0.820014 0.667426 0.161808 0.103703
2 0.82666 0.517338 0.161036 0.104403
2 0.180086 0.81539 0.153661 0.104984
2 0.395282 0.665051 0.160007 0.102267
2 0.194023 0.361321 0.160753 0.111995
7 0.239196 0.968544 0.0758421 0.036023
3 0.492077 0.971779 0.074463 0.0374247
0 0.749765 0.975314 0.0629404 0.0399869
4 0.912531 0.0877723 0.0580064 0.0504556
