9 0.495916 0.788462 0.910362 0.287031
2 0.769749 0.613205 0.0865309 0.0462595
2 0.88964 0.9776 0.0701288 0.0326933
7 0.240793 0.971816 0.0662812 0.0454553
0 0.746553 0.974501 0.0858301 0.0370512
3 0.49212 0.973157 0.0642536 0.0360719
2 0.324836 0.379972 0.429202 0.0471376
2 0.607507 0.613308 0.0808329 0.0410149
2 0.550387 0.238615 0.89483 0.049443
2 0.131949 0.604544 0.0890308 0.0546705
2 0.465895 0.311536 0.716725 0.0453046
2 0.449274 0.61233 0.0827634 0.0407667
2 0.878563 0.0919226 0.202719 0.0440927
2 0.384227 0.450075 0.558187 0.0532527
3 0.334043 0.0372043 0.0193971 0.0251138
2 0.361227 0.517386 0.529102 0.0570897
