2 0.151551 0.093168 0.113483 0.0634805
2 0.606578 0.901014 0.105764 0.0658871
2 0.895342 0.0989287 0.119004 0.0613104
3 0.492315 0.973239 0.063303 0.0366955
2 0.746693 0.096613 0.13023 0.0661288
2 0.153574 0.897395 0.0958656 0.0657157
7 0.240039 0.971529 0.0609825 0.0434238
2 0.263887 0.364801 0.32479 0.0464427
0 0.747608 0.976523 0.050889 0.0439346
2 0.228099 0.618939 0.26465 0.0456944
2 0.307954 0.744557 0.429285 0.0527223
2 0.835292 0.905388 0.200507 0.0581532
2 0.279126 0.490499 0.379371 0.0509838
2 0.37862 0.899704 0.129418 0.0625816
2 0.256776 0.299601 0.309635 0.0497911
3 0.335412 0.0359637 0.019807 0.0247764
2 0.226871 0.55435 0.271268 0.0467318
2 0.21222 0.683145 0.235785 0.0401787
2 0.315168 0.808788 0.455427 0.0503335
2 0.833356 0.894731 0.0586282 0.0330534
