2 0.607444 0.902344 0.169477 0.072731
2 0.154505 0.898714 0.14304 0.0765107
2 0.379977 0.89931 0.122249 0.0713377
2 0.371193 0.782698 0.461948 0.0618347
2 0.834742 0.906584 0.147081 0.0702076
2 0.890436 0.0928803 0.102315 0.0579942
2 0.341603 0.711222 0.402072 0.0562567
2 0.766853 0.344858 0.181774 0.123196
2 0.188759 0.346777 0.182693 0.115908
7 0.238501 0.968924 0.0710515 0.0325592
8 0.423916 0.0875902 0.64548 0.0769474
2 0.379576 0.34295 0.173612 0.111559
2 0.765239 0.0910269 0.0529009 0.0393959
3 0.491601 0.972477 0.0573953 0.0363659
0 0.752424 0.976923 0.0667813 0.0343018
2 0.572589 0.341723 0.188989 0.117351
2 0.499357 0.64269 0.721967 0.0625119
