2 0.607444 0.902178 0.16832 0.0719467
2 0.154373 0.898702 0.144116 0.076508
2 0.379719 0.899318 0.122764 0.0705742
2 0.3703 0.782561 0.461874 0.0620035
2 0.834787 0.906467 0.147134 0.0712047
2 0.890546 0.0927856 0.102188 0.0573718
2 0.341335 0.711489 0.401784 0.0559946
2 0.767226 0.344969 0.182059 0.12205
7 0.238604 0.969078 0.0707225 0.0322765
2 0.188353 0.346875 0.182684 0.116172
8 0.426771 0.0880253 0.645931 0.0754435
2 0.379816 0.3432 0.173197 0.110848
2 0.765413 0.0908585 0.055045 0.0391151
3 0.491941 0.972364 0.0567105 0.0365734
0 0.752442 0.97701 0.0674633 0.0345815
2 0.571836 0.341627 0.188276 0.113957
2 0.50071 0.643115 0.723474 0.06321
