2 0.601086 0.815315 0.185393 0.103911
8 0.518369 0.0853269 0.862222 0.0702588
2 0.39519 0.663533 0.161023 0.103569
2 0.606895 0.665344 0.157867 0.103908
2 0.816381 0.819826 0.185472 0.105337
2 0.842595 0.205971 0.177044 0.111197
2 0.192614 0.361539 0.158138 0.110101
2 0.404341 0.362461 0.167263 0.101691
2 0.628476 0.205524 0.160659 0.109727
2 0.833149 0.362914 0.155593 0.103929
2 0.611015 0.516817 0.198063 0.105773
2 0.826258 0.516927 0.182092 0.103473
2 0.819705 0.66981 0.161041 0.0977079
2 0.183832 0.663318 0.156651 0.101653
2 0.620165 0.362878 0.16283 0.104137
2 0.38985 0.814969 0.16361 0.101506
2 0.412287 0.205296 0.155797 0.107079
2 0.187189 0.513769 0.163865 0.109705
2 0.178683 0.813584 0.15883 0.105369
2 0.195248 0.212383 0.161136 0.130118
7 0.239124 0.968673 0.0755603 0.035981
2 0.395374 0.522157 0.188758 0.120055
3 0.49234 0.971989 0.076433 0.0373589
0 0.749284 0.975184 0.0640073 0.0409082
4 0.912158 0.0863079 0.0557975 0.0513994
