2 0.600925 0.815478 0.186213 0.104134
2 0.39516 0.663489 0.160475 0.103743
8 0.517591 0.0851053 0.861758 0.0705148
2 0.606763 0.665301 0.158705 0.103928
2 0.81627 0.819847 0.185703 0.105498
2 0.403771 0.362625 0.167169 0.101472
2 0.842126 0.205938 0.17761 0.111436
2 0.609983 0.516895 0.196495 0.104542
2 0.628088 0.206313 0.16261 0.108902
2 0.825591 0.516928 0.181496 0.103403
2 0.192161 0.361781 0.157371 0.110625
2 0.832874 0.363033 0.155845 0.103786
2 0.819557 0.66972 0.159386 0.0984493
2 0.183623 0.663216 0.156402 0.101701
2 0.389721 0.815059 0.163634 0.101307
2 0.620063 0.362892 0.163321 0.104061
2 0.178061 0.813615 0.15785 0.10473
2 0.18702 0.513981 0.163908 0.110147
2 0.412008 0.204826 0.156721 0.107349
2 0.195109 0.212287 0.161091 0.130172
7 0.239037 0.968657 0.076523 0.0363094
2 0.395616 0.522345 0.190213 0.119996
3 0.491991 0.971965 0.0766352 0.037487
0 0.749083 0.97497 0.0633464 0.0414019
4 0.911665 0.0863087 0.055726 0.0515562
