9 0.496814 0.78802 0.915972 0.289281
2 0.889642 0.97753 0.0697566 0.0325701
7 0.240828 0.971724 0.0663154 0.0451788
2 0.768583 0.613195 0.0890522 0.0464031
2 0.607884 0.611664 0.0829416 0.0442476
0 0.74624 0.974417 0.0855911 0.0371235
3 0.492117 0.97306 0.0640435 0.0359809
0 0.131548 0.0842723 0.0814442 0.0479868
2 0.447897 0.610804 0.0840121 0.0460455
2 0.129605 0.609301 0.0854961 0.0478685
2 0.289501 0.609447 0.0862399 0.0442998
3 0.334971 0.0344805 0.0167875 0.0273383
2 0.596514 0.0861655 0.753581 0.0585524
4 0.905051 0.614777 0.0863406 0.032001
