2 0.813902 0.820477 0.153814 0.104981
2 0.619769 0.36416 0.158383 0.11036
8 0.515622 0.0850252 0.85722 0.0706363
2 0.83042 0.363451 0.210875 0.111182
2 0.601648 0.825365 0.167575 0.123318
2 0.612305 0.516443 0.158382 0.103293
2 0.410795 0.204884 0.175694 0.110508
2 0.186407 0.512365 0.166366 0.109364
2 0.843472 0.206471 0.203145 0.114673
2 0.407724 0.363287 0.154123 0.105891
2 0.628415 0.206993 0.162299 0.111539
2 0.402173 0.514024 0.17476 0.107511
2 0.390997 0.815577 0.155186 0.101941
2 0.184115 0.66358 0.155623 0.104573
2 0.608 0.66638 0.156015 0.101837
2 0.827421 0.517644 0.161249 0.104047
2 0.820534 0.667707 0.161886 0.103253
2 0.197016 0.203791 0.158861 0.109083
2 0.18034 0.815363 0.155052 0.103729
2 0.395318 0.665185 0.159813 0.102553
2 0.19406 0.361581 0.162397 0.112014
7 0.239081 0.96856 0.0756965 0.0360684
3 0.492214 0.971799 0.074279 0.0375477
0 0.749845 0.975292 0.0619591 0.0395754
4 0.912717 0.0866066 0.054829 0.0521052
