2 0.379981 0.898432 0.119914 0.0747688
2 0.889922 0.0912416 0.104146 0.0542951
2 0.155968 0.896814 0.172388 0.072496
8 0.405767 0.0866881 0.656355 0.0754692
2 0.834433 0.904317 0.150208 0.0690988
2 0.606894 0.902214 0.166994 0.0745197
7 0.238862 0.969404 0.0783047 0.0328849
2 0.847414 0.607818 0.163703 0.0845671
3 0.491551 0.972712 0.0700048 0.0342323
2 0.851995 0.508873 0.152853 0.074472
2 0.832146 0.717602 0.175288 0.0670963
2 0.76374 0.0923595 0.0532107 0.0440987
0 0.752498 0.977304 0.0591383 0.03778
