9 0.497436 0.787887 0.911627 0.289389
2 0.353884 0.226689 0.479235 0.0513405
2 0.278095 0.29823 0.326755 0.0487815
0 0.134237 0.0807538 0.0610965 0.0382779
2 0.768227 0.61342 0.0883353 0.0473935
7 0.240705 0.971848 0.0657862 0.045171
2 0.889831 0.977611 0.0696302 0.0328235
2 0.129427 0.609424 0.0860587 0.0488834
2 0.606922 0.6119 0.0844104 0.0446747
0 0.746184 0.974405 0.0864627 0.037167
3 0.491828 0.973322 0.0642383 0.0365088
2 0.447855 0.611165 0.0849738 0.0458015
2 0.294463 0.155824 0.361977 0.052017
2 0.288758 0.609816 0.0865558 0.0449319
2 0.91742 0.0848904 0.0646515 0.0402449
3 0.334437 0.0369592 0.0198247 0.0238163
4 0.904261 0.614952 0.0859279 0.0330546
