8 0.516224 0.085098 0.861873 0.0707454
2 0.813893 0.820595 0.153817 0.105275
2 0.618671 0.364156 0.158435 0.110034
2 0.828933 0.364001 0.210346 0.110047
2 0.601476 0.825456 0.167644 0.123489
2 0.186033 0.512612 0.166626 0.108506
2 0.409924 0.204853 0.175689 0.11068
2 0.611528 0.516243 0.15859 0.104448
2 0.401358 0.513863 0.174154 0.107929
2 0.407049 0.363446 0.154949 0.104805
2 0.842752 0.206666 0.204503 0.113828
2 0.39101 0.815767 0.154551 0.101693
2 0.627822 0.20709 0.162815 0.111624
2 0.60753 0.666221 0.155599 0.101597
2 0.183888 0.663759 0.15593 0.10481
2 0.826909 0.517562 0.160807 0.104291
2 0.820543 0.667671 0.162143 0.103417
2 0.18004 0.815414 0.155352 0.104561
2 0.19652 0.203903 0.158521 0.109099
2 0.395125 0.665121 0.160239 0.102444
2 0.193841 0.361492 0.162115 0.111301
7 0.239222 0.968607 0.0759118 0.036128
3 0.491984 0.971921 0.0741211 0.0374078
0 0.749454 0.97536 0.062738 0.0396893
4 0.912473 0.0866316 0.0551471 0.0515688
