9 0.501506 0.788147 0.906994 0.289043
2 0.889584 0.977606 0.0699017 0.032766
7 0.240755 0.971717 0.0659675 0.0451662
2 0.130016 0.609424 0.0877913 0.049501
0 0.746365 0.974429 0.0856673 0.0372364
3 0.492109 0.973017 0.0636385 0.0360271
2 0.606973 0.611563 0.0830465 0.0441822
2 0.768725 0.61323 0.089093 0.0464719
2 0.448053 0.610748 0.0845318 0.04538
0 0.131078 0.0846341 0.0823908 0.0483686
2 0.290123 0.609479 0.0877611 0.0452908
3 0.334244 0.0345467 0.0159369 0.0279486
2 0.597322 0.087033 0.755481 0.0609392
4 0.905312 0.614857 0.0864086 0.0322428
