8 0.517409 0.0853901 0.859508 0.0698198
2 0.60115 0.815085 0.186005 0.103963
2 0.395406 0.663381 0.160804 0.103448
2 0.60709 0.665146 0.158225 0.103701
2 0.192408 0.361564 0.159171 0.109594
2 0.81612 0.819843 0.18598 0.104787
2 0.842246 0.206001 0.176973 0.111352
2 0.403832 0.362634 0.165992 0.101075
2 0.610333 0.516561 0.195647 0.104824
2 0.627753 0.206105 0.164485 0.10851
2 0.83288 0.362946 0.155783 0.103983
2 0.825688 0.51679 0.181687 0.103153
2 0.390345 0.814047 0.16829 0.103257
2 0.183994 0.663175 0.157314 0.101668
2 0.81956 0.669915 0.160455 0.0973619
2 0.620241 0.362932 0.162766 0.104009
2 0.178639 0.813725 0.159066 0.105382
2 0.187317 0.513996 0.163687 0.109994
2 0.412173 0.205219 0.156179 0.107365
2 0.194945 0.212321 0.161104 0.130071
7 0.238809 0.968732 0.0765093 0.0360777
2 0.395454 0.522174 0.18941 0.120076
3 0.492087 0.972069 0.0767338 0.0376239
0 0.749383 0.974992 0.0629515 0.0414308
4 0.91213 0.0868779 0.0559694 0.0512702
