9 0.497338 0.789554 0.914163 0.286686
2 0.823531 0.169811 0.0882068 0.0512561
2 0.327202 0.41987 0.436383 0.0499734
2 0.768279 0.613889 0.0846538 0.0446349
8 0.506977 0.0893089 0.635663 0.0764167
2 0.130015 0.609104 0.0807925 0.0446396
2 0.519636 0.514438 0.798522 0.0991962
2 0.607571 0.612876 0.083174 0.0424215
2 0.447341 0.610867 0.0867431 0.0448864
2 0.889401 0.977606 0.0693412 0.032658
7 0.240509 0.971583 0.0647956 0.0448516
2 0.28816 0.610313 0.0787331 0.0404391
3 0.492186 0.97292 0.0626877 0.0358664
2 0.134488 0.169249 0.093218 0.0558259
0 0.746848 0.974549 0.0847678 0.0365851
2 0.916042 0.256986 0.0650285 0.0339082
0 0.153204 0.0863721 0.051129 0.0374397
2 0.897836 0.0912598 0.0576752 0.0490567
2 0.479113 0.171771 0.0873339 0.055059
2 0.281597 0.170654 0.166682 0.0683374
2 0.514272 0.340856 0.799232 0.0684786
