2 0.378576 0.899476 0.125987 0.061121
2 0.746928 0.0964317 0.127289 0.0644204
2 0.607812 0.900874 0.10709 0.067269
2 0.15183 0.896683 0.0979654 0.0652439
2 0.835283 0.904909 0.190068 0.0666512
2 0.817937 0.8215 0.106234 0.0584846
2 0.151723 0.0919102 0.114362 0.0608641
2 0.895843 0.0984225 0.12029 0.0594119
0 0.747667 0.977473 0.0497909 0.0411282
3 0.492212 0.973238 0.0632956 0.03471
7 0.239678 0.971708 0.0638554 0.0407921
2 0.490075 0.569572 0.174953 0.060689
2 0.827529 0.512684 0.0697239 0.037241
3 0.335116 0.0355557 0.0197474 0.0223946
2 0.243885 0.566505 0.290592 0.0637253
