9 0.496451 0.787759 0.912772 0.28827
8 0.523282 0.155215 0.848868 0.0716168
2 0.768194 0.612661 0.089639 0.0491034
2 0.889536 0.977633 0.0690664 0.032198
0 0.134287 0.0810023 0.0649065 0.0386106
7 0.241001 0.971859 0.0657974 0.045116
2 0.290121 0.609705 0.0888706 0.0431366
2 0.607933 0.610966 0.0881227 0.0462326
3 0.492421 0.972988 0.0637968 0.0359158
0 0.746239 0.974426 0.0872996 0.0375084
2 0.18759 0.405803 0.195072 0.0525848
2 0.447906 0.609948 0.090203 0.0457835
2 0.268036 0.3192 0.357677 0.0615171
6 0.132217 0.610295 0.0850041 0.042707
2 0.144652 0.234064 0.0939009 0.0519505
4 0.905388 0.614264 0.0899638 0.0335937
6 0.447919 0.609715 0.0898027 0.0454962
2 0.209955 0.490414 0.240337 0.0531277
8 0.527597 0.00895979 0.89572 0.0178538
