9 0.496759 0.786196 0.913072 0.292221
2 0.7617 0.540506 0.153064 0.0785205
2 0.506177 0.538171 0.159281 0.0792971
2 0.51115 0.419944 0.165226 0.107443
2 0.768256 0.422413 0.163121 0.110991
2 0.768673 0.614286 0.0862316 0.0454912
2 0.252547 0.417842 0.186477 0.108649
2 0.448421 0.611488 0.0843823 0.0468777
2 0.130498 0.609836 0.0827636 0.0457434
2 0.607674 0.613514 0.082945 0.0448702
2 0.288964 0.610658 0.0857846 0.0448564
2 0.889461 0.977682 0.0694825 0.0325149
7 0.240885 0.971601 0.0660881 0.0453723
2 0.252147 0.536414 0.154307 0.0773335
3 0.492323 0.973149 0.0636661 0.0359794
0 0.74636 0.974411 0.0878756 0.0379665
2 0.724488 0.307927 0.0568229 0.0428877
6 0.817094 0.31033 0.0627657 0.0395032
4 0.90538 0.616116 0.078759 0.0259296
