2 0.151697 0.0933131 0.11358 0.0623017
2 0.611797 0.898178 0.113172 0.0678028
2 0.746889 0.0970642 0.129735 0.0667855
2 0.182598 0.303166 0.156136 0.115769
2 0.705186 0.307768 0.159174 0.112579
2 0.356714 0.304662 0.154675 0.11301
2 0.379134 0.898811 0.120782 0.0594887
2 0.529846 0.305399 0.157537 0.111563
2 0.89502 0.0989457 0.119078 0.0624116
2 0.151836 0.897609 0.103483 0.0657947
2 0.257845 0.411582 0.36341 0.0662154
0 0.74792 0.97709 0.0481982 0.04058
3 0.492104 0.972991 0.0615711 0.0359036
2 0.835232 0.578025 0.11326 0.0586096
7 0.239952 0.972241 0.0612853 0.0393467
2 0.834697 0.902691 0.189711 0.0638954
2 0.829162 0.840086 0.104349 0.050095
2 0.481359 0.636704 0.177173 0.0614757
2 0.75151 0.639148 0.298056 0.0638256
8 0.525819 0.172411 0.8412 0.074828
2 0.246604 0.767118 0.303168 0.153359
3 0.334861 0.0361947 0.0175298 0.0254823
2 0.23519 0.635195 0.272946 0.0577095
