9 0.497181 0.788137 0.914939 0.289312
2 0.889816 0.977566 0.0698542 0.0329769
7 0.240761 0.971628 0.0660576 0.045108
0 0.131805 0.0843904 0.0811792 0.0478172
2 0.768839 0.613146 0.0886187 0.046784
2 0.607193 0.611635 0.0831724 0.0439631
3 0.492094 0.973053 0.0637235 0.0359508
0 0.746442 0.974456 0.0858526 0.0370077
2 0.448117 0.610814 0.0843927 0.0456865
2 0.129824 0.609258 0.0856021 0.0479704
2 0.289406 0.609586 0.0855854 0.0436937
3 0.334591 0.0345222 0.0163387 0.0276606
2 0.59766 0.0870172 0.755478 0.0602946
4 0.905858 0.614733 0.0860435 0.0321358
