2 0.384616 0.873129 0.620535 0.0386864
2 0.30639 0.399573 0.448333 0.06504
7 0.238634 0.968256 0.0606981 0.0370906
3 0.490685 0.971963 0.0597302 0.0306767
2 0.281376 0.799963 0.402213 0.0388529
1 0.499682 0.310356 0.839823 0.048397
2 0.446801 0.661695 0.733801 0.052055
0 0.750844 0.974585 0.0521088 0.0370519
0 0.142817 0.0813984 0.0513962 0.0352344
2 0.44428 0.574307 0.726313 0.0740381
2 0.341471 0.486904 0.517147 0.0447396
2 0.437809 0.731234 0.720553 0.0459841
2 0.253824 0.23357 0.340398 0.0471133
