2 0.634945 0.19071 0.130898 0.0688714
2 0.780513 0.191427 0.129661 0.0715702
2 0.347099 0.187976 0.132403 0.0694179
2 0.49097 0.188416 0.131303 0.0719218
2 0.204642 0.186932 0.129183 0.0691502
2 0.916968 0.0915833 0.112478 0.0592354
2 0.792087 0.0912801 0.0613589 0.0412671
3 0.491702 0.972573 0.0756479 0.035997
0 0.747451 0.976896 0.0454228 0.0419933
2 0.495072 0.818459 0.807308 0.120266
0 0.131801 0.0853057 0.0650292 0.0379769
7 0.240032 0.971467 0.0555726 0.0398587
3 0.334708 0.0359069 0.0168673 0.0232882
