8 0.512424 0.0851118 0.847262 0.0695318
2 0.834939 0.520487 0.201035 0.106554
2 0.615504 0.665829 0.162656 0.104562
2 0.825055 0.817274 0.198299 0.108792
2 0.204694 0.203206 0.204767 0.112522
2 0.407428 0.514123 0.162788 0.10403
2 0.627329 0.364273 0.168927 0.100801
2 0.413736 0.362672 0.159958 0.106823
2 0.397977 0.813627 0.159166 0.103259
2 0.202175 0.358638 0.177965 0.107956
2 0.843094 0.364381 0.164335 0.103279
2 0.195588 0.511966 0.155547 0.103003
2 0.616443 0.524318 0.183895 0.118423
2 0.61055 0.816407 0.167609 0.103356
2 0.63541 0.206021 0.157054 0.107566
2 0.191373 0.662524 0.184826 0.10253
2 0.404103 0.665655 0.155796 0.100227
2 0.41942 0.21243 0.163995 0.127846
2 0.851889 0.207641 0.160731 0.109581
2 0.185913 0.815283 0.161279 0.102388
2 0.827656 0.667167 0.161331 0.105809
7 0.239195 0.968615 0.0763238 0.0356546
3 0.492462 0.971835 0.0757 0.0377247
0 0.749533 0.975264 0.0621146 0.0398865
4 0.912866 0.0863796 0.0539058 0.0510792
