9 0.49605 0.785902 0.913075 0.292463
2 0.762881 0.540911 0.159609 0.081295
2 0.252223 0.536961 0.157243 0.0779913
2 0.768766 0.614128 0.0859488 0.0455894
2 0.50931 0.418255 0.190755 0.112662
2 0.506133 0.537921 0.163419 0.0816005
2 0.254207 0.417608 0.162033 0.1095
2 0.767798 0.420221 0.177989 0.111498
2 0.448156 0.611598 0.0839681 0.0469089
2 0.130456 0.610049 0.0825756 0.0457792
2 0.608651 0.613224 0.0835555 0.045989
2 0.88957 0.977622 0.0696597 0.0326679
2 0.289166 0.61082 0.0865373 0.0447172
7 0.240953 0.971768 0.0665053 0.0457061
3 0.492251 0.97314 0.0641446 0.0360328
0 0.746265 0.974441 0.0880624 0.0380846
4 0.903592 0.615681 0.07957 0.0273085
