2 0.761127 0.553088 0.181184 0.105807
2 0.508585 0.419872 0.192134 0.109489
2 0.506617 0.549885 0.169358 0.108359
2 0.50039 0.682847 0.152797 0.109067
2 0.755515 0.693687 0.188884 0.126387
2 0.769556 0.425882 0.206877 0.124771
2 0.240309 0.809177 0.152637 0.107895
7 0.240228 0.968746 0.0788856 0.0369236
2 0.252639 0.549015 0.17252 0.105307
2 0.247025 0.668472 0.156014 0.0802318
0 0.749033 0.97543 0.0582373 0.0437839
3 0.491003 0.972304 0.0723065 0.0410289
2 0.252831 0.424845 0.166845 0.128822
2 0.724191 0.308037 0.0590218 0.0414865
