2 0.486677 0.323539 0.419725 0.0597514
2 0.346416 0.597795 0.343768 0.0469975
2 0.446759 0.470864 0.518495 0.0498421
2 0.322131 0.660778 0.307739 0.0434464
2 0.499242 0.862068 0.680109 0.0649689
2 0.319286 0.724835 0.28964 0.0477188
2 0.476713 0.536291 0.60183 0.0486116
7 0.239932 0.969535 0.0534194 0.0337868
2 0.899469 0.0857567 0.11347 0.0591494
2 0.323481 0.788521 0.332167 0.0464885
0 0.749535 0.974946 0.0610489 0.0432205
3 0.49154 0.972456 0.0760618 0.0352337
2 0.507422 0.409352 0.657506 0.0492365
2 0.782398 0.0838906 0.0762286 0.0461785
