9 0.49649 0.786203 0.912024 0.291979
2 0.762697 0.540579 0.157888 0.0799413
2 0.505474 0.537156 0.153981 0.0802947
2 0.768225 0.420717 0.161396 0.109447
2 0.251678 0.536277 0.152686 0.074547
2 0.768615 0.614614 0.0861585 0.0451319
2 0.254274 0.417586 0.156502 0.108326
2 0.510409 0.419188 0.157879 0.110546
2 0.289331 0.610637 0.0873484 0.0446087
2 0.447952 0.611231 0.0837471 0.0473049
2 0.608162 0.613477 0.0828336 0.0446752
2 0.889422 0.977685 0.0695164 0.0325016
2 0.12994 0.610183 0.0825148 0.0455637
7 0.240972 0.971739 0.0665826 0.0458162
3 0.492346 0.973129 0.0641934 0.0360382
0 0.746312 0.974376 0.0879351 0.0378743
2 0.724471 0.307787 0.0578335 0.0411979
6 0.817738 0.309967 0.0641304 0.0392508
4 0.905339 0.615853 0.0771066 0.0253565
