5 0.377765 0.793381 0.707883 0.292813
2 0.830962 0.831814 0.137572 0.0557422
2 0.551143 0.899784 0.0586525 0.0430722
2 0.447394 0.611559 0.0882627 0.0465162
2 0.608513 0.613129 0.0849647 0.0473812
7 0.238928 0.971518 0.0574831 0.0414063
3 0.491874 0.973079 0.0655484 0.0305654
2 0.240209 0.397514 0.269071 0.0458705
2 0.289187 0.609634 0.0880155 0.0476259
2 0.130898 0.607983 0.0869055 0.0453999
2 0.76882 0.613885 0.0882029 0.0496415
2 0.890855 0.977449 0.071744 0.0340891
2 0.830732 0.913661 0.0890071 0.0398122
0 0.746516 0.974025 0.0709436 0.0345108
2 0.255019 0.481321 0.303665 0.0547386
2 0.830721 0.686606 0.141674 0.0554672
2 0.83318 0.758734 0.184913 0.0445686
