2 0.379806 0.898394 0.118128 0.0749979
2 0.890118 0.0911473 0.104324 0.0543874
8 0.406303 0.086542 0.655537 0.0754329
2 0.155595 0.896508 0.173 0.0732284
2 0.833651 0.90455 0.149812 0.0694213
2 0.606821 0.902167 0.167772 0.0748366
2 0.847461 0.607901 0.164149 0.0853482
7 0.238361 0.969292 0.0794353 0.0330851
3 0.492192 0.972653 0.0705677 0.0340181
2 0.832373 0.717402 0.177151 0.0674432
2 0.852248 0.508877 0.152632 0.0737109
2 0.763461 0.0921625 0.0532849 0.044025
0 0.752426 0.977523 0.0588007 0.0374489
