2 0.505657 0.550826 0.190769 0.106076
2 0.761384 0.55323 0.152228 0.102807
2 0.500159 0.68116 0.154341 0.105273
2 0.511184 0.420058 0.165124 0.107858
2 0.242388 0.808402 0.160104 0.107479
2 0.495294 0.80959 0.159156 0.105239
2 0.767899 0.422998 0.162236 0.111406
2 0.756308 0.684804 0.200392 0.109356
2 0.248617 0.678997 0.184227 0.105617
2 0.251373 0.550289 0.153824 0.106262
2 0.25253 0.418024 0.186602 0.109673
7 0.239792 0.968709 0.0770456 0.03729
0 0.749662 0.975012 0.0564472 0.0453944
2 0.724358 0.307803 0.0588418 0.0433745
3 0.490993 0.972923 0.0678604 0.03815
6 0.817673 0.310566 0.0638671 0.0398586
