2 0.288731 0.389124 0.400647 0.0421973
2 0.296526 0.458331 0.416574 0.0403667
2 0.280406 0.597532 0.388738 0.042909
3 0.492759 0.973392 0.0746192 0.0346299
2 0.212276 0.663479 0.254897 0.0324805
2 0.253069 0.733534 0.347037 0.0421084
0 0.747202 0.976907 0.0398432 0.0386104
2 0.232481 0.802246 0.31047 0.0341621
2 0.295921 0.529701 0.410959 0.0452444
7 0.239227 0.972356 0.0447243 0.0339741
2 0.275601 0.319994 0.365011 0.0405094
2 0.143577 0.89258 0.0540613 0.0319939
2 0.84968 0.911119 0.0981432 0.0540297
