2 0.290863 0.289032 0.394135 0.0451829
0 0.74711 0.976918 0.0402048 0.0387096
3 0.49313 0.973393 0.0750602 0.0354467
2 0.220184 0.356717 0.257803 0.0344118
2 0.265511 0.427681 0.352538 0.038796
2 0.316852 0.90513 0.12187 0.0546288
7 0.239704 0.972605 0.0440899 0.034112
2 0.242962 0.498115 0.313866 0.0342937
2 0.19855 0.701837 0.246423 0.0332128
2 0.281305 0.770969 0.404418 0.0356435
2 0.140593 0.905598 0.10377 0.0543083
2 0.25852 0.635307 0.357947 0.0351713
2 0.917548 0.0751918 0.0441644 0.0340133
8 0.30348 0.145417 0.426067 0.0380213
2 0.850782 0.911536 0.108563 0.0568523
4 0.850416 0.899736 0.0860044 0.0309997
2 0.303949 0.144843 0.428028 0.0386592
