2 0.151587 0.0932695 0.11389 0.0630728
2 0.153465 0.897642 0.0905999 0.0623776
2 0.501628 0.779295 0.265472 0.0359221
3 0.492468 0.973299 0.0594843 0.0394374
2 0.895527 0.0984314 0.12108 0.0628432
7 0.240375 0.971937 0.0585759 0.0418308
0 0.747709 0.977009 0.0477836 0.0417286
2 0.746136 0.0966602 0.130118 0.0676257
2 0.608768 0.901123 0.0741401 0.0670312
8 0.516754 0.173221 0.870056 0.0756561
2 0.380387 0.9015 0.126057 0.0623615
2 0.565283 0.642062 0.28258 0.0579262
2 0.834385 0.904367 0.188015 0.0607988
3 0.335041 0.0359945 0.0178 0.0256099
