9 0.496817 0.788415 0.908212 0.287133
2 0.769417 0.612916 0.0868091 0.0466936
7 0.240815 0.97182 0.0663667 0.0453098
2 0.889626 0.977575 0.0699468 0.0326992
0 0.746451 0.974439 0.0860829 0.0371181
3 0.492103 0.973093 0.0638043 0.0360951
2 0.325002 0.380042 0.429511 0.0467317
2 0.607934 0.613159 0.0798948 0.0408343
2 0.550516 0.238445 0.896305 0.0496238
2 0.132235 0.60441 0.0889971 0.0546253
2 0.465643 0.311547 0.717074 0.0452681
2 0.878728 0.0919689 0.202111 0.0441633
2 0.449083 0.612362 0.0825932 0.0408516
2 0.384379 0.449855 0.558386 0.0533302
3 0.333573 0.0370143 0.0194025 0.0260826
2 0.705705 0.091722 0.0639234 0.0407604
2 0.361497 0.517244 0.530536 0.0576019
