1 0.504637 0.426604 0.830962 0.0878318
1 0.506993 0.673618 0.816548 0.0828638
1 0.502429 0.549615 0.829738 0.109372
2 0.494675 0.910002 0.295528 0.0419732
0 0.748389 0.975232 0.0529569 0.044506
0 0.140907 0.103548 0.0601964 0.0564538
7 0.239927 0.971129 0.060649 0.0408184
1 0.511237 0.300751 0.834073 0.101957
2 0.379986 0.54901 0.578733 0.109518
1 0.49783 0.795095 0.832784 0.110171
3 0.491291 0.973137 0.0734624 0.0348387
3 0.336362 0.0363341 0.0226364 0.0262321
2 0.435746 0.426993 0.692037 0.0897335
2 0.502845 0.674003 0.827894 0.0848695
2 0.386591 0.79518 0.602559 0.111682
