2 0.152105 0.0940336 0.114085 0.0647186
2 0.746453 0.0979333 0.130563 0.0684544
2 0.484771 0.723786 0.17335 0.0629391
2 0.378828 0.900144 0.122904 0.0618033
2 0.153184 0.898939 0.0956341 0.0593315
3 0.492195 0.973802 0.0611679 0.0377727
2 0.894975 0.0987747 0.118327 0.0628147
2 0.607728 0.902271 0.10655 0.0662171
0 0.747773 0.977791 0.0500493 0.041004
7 0.240342 0.972891 0.0644575 0.0414426
2 0.834921 0.904984 0.193038 0.0601917
2 0.496318 0.412498 0.17551 0.0628562
2 0.243251 0.72054 0.281301 0.0668046
2 0.836037 0.353723 0.105317 0.0572694
2 0.752609 0.414387 0.299398 0.0636145
2 0.250912 0.410128 0.287142 0.0632014
2 0.742279 0.724771 0.303047 0.0637065
2 0.822241 0.665092 0.10795 0.0544494
