1 0.51796 0.655876 0.89433 0.0670254
1 0.524064 0.3937 0.893873 0.0386042
1 0.507455 0.840392 0.880844 0.0435295
7 0.239339 0.970837 0.0586615 0.0442093
1 0.525814 0.32939 0.891504 0.0553788
1 0.524167 0.451288 0.888543 0.0461427
0 0.133712 0.0810572 0.0702538 0.0407535
3 0.491971 0.9727 0.070774 0.0368679
0 0.747841 0.976164 0.0537288 0.0406537
2 0.290839 0.889669 0.43131 0.0319222
2 0.42459 0.765013 0.7096 0.0704596
2 0.788128 0.0371227 0.348522 0.0296882
1 0.515748 0.891925 0.893942 0.0445743
2 0.325551 0.83924 0.511723 0.0359219
2 0.446449 0.557617 0.737504 0.0871183
