2 0.377948 0.903124 0.105565 0.0716049
2 0.609207 0.905198 0.163989 0.0766861
2 0.153635 0.900294 0.153271 0.0706539
2 0.836829 0.906697 0.123047 0.0803292
2 0.781714 0.0854897 0.0791079 0.0486435
2 0.431801 0.149078 0.161252 0.0338293
2 0.18104 0.14836 0.210068 0.0360413
2 0.676288 0.150538 0.183991 0.0289984
3 0.492214 0.973779 0.0636443 0.0395979
7 0.240759 0.971359 0.0707158 0.0360028
0 0.748009 0.977842 0.0596375 0.0426487
2 0.899791 0.0845253 0.116632 0.0616189
2 0.917683 0.152054 0.154085 0.0290112
