2 0.288658 0.389237 0.40074 0.0416901
2 0.296514 0.458251 0.41678 0.0400114
2 0.280498 0.597481 0.389475 0.0432049
3 0.492781 0.973458 0.0748748 0.0347172
2 0.25311 0.733737 0.346811 0.0428648
0 0.747197 0.976782 0.0396037 0.038608
2 0.212586 0.663375 0.255101 0.0321575
2 0.232956 0.802293 0.310136 0.0342132
2 0.296562 0.529464 0.41166 0.0448448
7 0.239398 0.972288 0.0442085 0.0339462
2 0.276458 0.320052 0.363109 0.0399843
2 0.143183 0.893263 0.0551987 0.0321009
2 0.850034 0.911196 0.0987409 0.0539425
