9 0.497312 0.788959 0.908609 0.286574
2 0.769107 0.612741 0.0883808 0.0480511
2 0.131531 0.608643 0.0843726 0.0494371
2 0.289339 0.608372 0.09107 0.0507733
2 0.607743 0.610113 0.0882569 0.0490429
7 0.24081 0.971509 0.0658642 0.0451805
2 0.4479 0.610283 0.0855557 0.0485582
2 0.889886 0.977465 0.0709876 0.0333955
3 0.49244 0.97293 0.0635337 0.0360382
0 0.746796 0.974229 0.0871966 0.0380016
2 0.92393 0.104685 0.0834473 0.0452263
2 0.86499 0.544431 0.0812984 0.0441006
4 0.903935 0.615044 0.0829821 0.0283552
2 0.773193 0.546527 0.0618313 0.039907
2 0.685695 0.545185 0.0528632 0.0385721
