2 0.381625 0.900215 0.156204 0.0735179
2 0.608546 0.906602 0.161871 0.0701698
2 0.834633 0.906684 0.119909 0.0797971
7 0.239768 0.970405 0.0623656 0.0352493
2 0.78255 0.0853145 0.0776566 0.0489613
2 0.154461 0.902123 0.120542 0.0709514
2 0.425992 0.149019 0.160067 0.0337409
0 0.878978 0.844088 0.0602597 0.0396782
3 0.492361 0.97281 0.0602297 0.0365372
4 0.890116 0.562796 0.0316669 0.0385202
2 0.660136 0.151125 0.184408 0.0302926
0 0.748307 0.977811 0.0550456 0.0417931
2 0.182996 0.147896 0.205304 0.0330682
2 0.899289 0.0842938 0.116398 0.0599203
2 0.767966 0.660688 0.258006 0.126678
2 0.204707 0.657173 0.269791 0.1345
