9 0.482112 0.80145 0.924362 0.203039
8 0.549855 0.0847159 0.785955 0.0569077
2 0.093606 0.661427 0.0864 0.0449906
0 0.677037 0.936706 0.059634 0.0360474
3 0.480163 0.935776 0.066995 0.0364817
7 0.283022 0.934674 0.0587734 0.0319925
2 0.215014 0.584527 0.291222 0.089236
0 0.102729 0.081399 0.0422047 0.033428
2 0.886449 0.666253 0.0723238 0.034073
2 0.219969 0.480294 0.292266 0.0882987
2 0.533468 0.51051 0.329218 0.0301228
2 0.650961 0.274228 0.533842 0.079579
2 0.223365 0.37672 0.297488 0.0896665
