9 0.488239 0.794022 0.920031 0.21381
2 0.657545 0.135004 0.319659 0.0479913
2 0.0947837 0.660123 0.0926385 0.0519835
2 0.88924 0.663861 0.0871724 0.0451976
2 0.620798 0.662966 0.0701877 0.0403397
2 0.29553 0.134268 0.384084 0.0473237
0 0.678916 0.935384 0.0617503 0.0354617
2 0.490176 0.661944 0.0675962 0.0372426
0 0.11696 0.0774065 0.0569667 0.0342538
2 0.754325 0.663308 0.0699388 0.0380618
2 0.227671 0.660446 0.0774712 0.0419687
3 0.482907 0.934737 0.0658245 0.0357548
2 0.357898 0.661121 0.0767287 0.0341154
7 0.28695 0.933751 0.060373 0.0300181
