2 0.904326 0.0876746 0.0759995 0.0389247
0 0.679263 0.936011 0.0492923 0.0349507
3 0.482303 0.935371 0.0658796 0.0335526
2 0.144814 0.839002 0.0934943 0.0501762
2 0.280267 0.6905 0.357569 0.0561386
7 0.285122 0.932356 0.0474494 0.0293872
0 0.143984 0.0820339 0.0888607 0.0412974
2 0.603454 0.84109 0.152623 0.0319063
2 0.143642 0.901216 0.117454 0.0423757
2 0.306467 0.617255 0.406752 0.0573979
2 0.60357 0.694912 0.166977 0.0397034
2 0.810896 0.532072 0.193505 0.0738957
2 0.60964 0.620544 0.154721 0.030517
