9 0.485519 0.800851 0.929024 0.204632
8 0.553189 0.0848715 0.784128 0.0580408
2 0.0950908 0.66124 0.0875592 0.0457622
2 0.651317 0.273366 0.530313 0.0779962
0 0.678399 0.935208 0.0608186 0.035541
3 0.482406 0.934801 0.0661679 0.0356501
2 0.225566 0.377083 0.297958 0.0890409
2 0.221086 0.274045 0.300347 0.0850671
2 0.221313 0.481584 0.300635 0.0875304
0 0.102841 0.0815697 0.0427832 0.0345023
2 0.622892 0.364885 0.518218 0.0609298
2 0.459687 0.558447 0.18965 0.0311673
2 0.462086 0.614683 0.191994 0.027208
7 0.286872 0.933297 0.0610617 0.0307923
2 0.885581 0.666205 0.0780784 0.0353174
2 0.221272 0.585542 0.299328 0.0875307
2 0.628232 0.483224 0.511897 0.0855845
