9 0.48451 0.800647 0.922065 0.204907
8 0.547963 0.0847472 0.792245 0.0580232
2 0.0946968 0.661469 0.0877631 0.0456769
2 0.222606 0.376221 0.296936 0.0840047
2 0.88575 0.665983 0.0793697 0.0378563
2 0.652937 0.273855 0.534521 0.0779565
0 0.678716 0.935125 0.061105 0.0357809
2 0.224718 0.274483 0.299628 0.0858916
3 0.482808 0.934647 0.0660889 0.0359875
2 0.21977 0.479402 0.294765 0.0853627
2 0.64895 0.377693 0.552946 0.0844024
0 0.102798 0.0815919 0.0430477 0.0340956
7 0.286666 0.93316 0.0611517 0.0309257
2 0.22503 0.167457 0.299254 0.0884675
