9 0.488134 0.798334 0.919709 0.207527
2 0.0937199 0.661102 0.0860476 0.0449914
8 0.551755 0.0845987 0.787046 0.0575879
2 0.660429 0.274479 0.549157 0.0789296
2 0.225143 0.273564 0.29716 0.0891517
2 0.885283 0.66589 0.0778493 0.0365292
3 0.480631 0.934773 0.0666099 0.0354956
0 0.676752 0.935495 0.0604792 0.0345377
2 0.222869 0.376882 0.300987 0.0863962
7 0.283513 0.93374 0.0582695 0.0301297
2 0.645693 0.378116 0.557774 0.0827606
0 0.102917 0.0814714 0.0427635 0.033169
2 0.221324 0.481118 0.296905 0.088394
2 0.722117 0.665514 0.0906261 0.0252617
2 0.222282 0.169202 0.304021 0.0950215
2 0.629796 0.482054 0.522056 0.0859662
