9 0.485597 0.798559 0.925111 0.20951
8 0.549574 0.0847427 0.792993 0.0573187
2 0.0935092 0.661306 0.0863668 0.0453441
2 0.886192 0.665591 0.0796545 0.038786
2 0.22481 0.273508 0.297186 0.0894641
0 0.677009 0.935609 0.0613053 0.0355997
3 0.480733 0.934853 0.0667305 0.0358687
7 0.283444 0.933414 0.0572478 0.0302603
2 0.723846 0.66411 0.0661083 0.0301648
2 0.661439 0.274829 0.550313 0.0791108
2 0.217258 0.583935 0.289081 0.089342
2 0.224408 0.377563 0.295131 0.0877236
2 0.219688 0.479461 0.290114 0.0898875
0 0.103015 0.0816484 0.0440004 0.0346097
2 0.644967 0.378964 0.55028 0.0841933
