9 0.483739 0.800864 0.923416 0.203454
2 0.0945752 0.661172 0.0875252 0.0455282
8 0.551056 0.0847212 0.789896 0.0571159
2 0.220469 0.275459 0.301515 0.086515
0 0.678617 0.935379 0.0642027 0.0357182
2 0.651541 0.273517 0.527363 0.0778642
3 0.482728 0.934834 0.0660889 0.0355966
2 0.885895 0.666079 0.0764071 0.0356512
2 0.222148 0.377531 0.29863 0.086745
0 0.102891 0.081463 0.0420515 0.0342056
7 0.286504 0.933636 0.0606578 0.0303693
2 0.615626 0.378439 0.478121 0.0879032
2 0.464366 0.614676 0.184921 0.0254151
