9 0.485038 0.796899 0.911991 0.208064
2 0.0947624 0.660933 0.088249 0.0463859
2 0.538958 0.0844794 0.794885 0.0555797
2 0.620984 0.662899 0.0608832 0.033923
2 0.489689 0.661781 0.0591018 0.0324619
2 0.886762 0.665579 0.0784653 0.0388068
2 0.75375 0.663492 0.0581586 0.0325201
3 0.480594 0.93479 0.0673314 0.0360136
0 0.676569 0.93554 0.06233 0.0356857
7 0.283381 0.933594 0.05729 0.0303444
2 0.226694 0.660495 0.0618627 0.0348476
0 0.103155 0.0817862 0.0433247 0.0342364
2 0.359456 0.661456 0.0679185 0.0258434
