9 0.485645 0.79847 0.909542 0.206238
2 0.0936999 0.661153 0.0859972 0.0452124
8 0.551493 0.0846202 0.785968 0.0574995
2 0.222963 0.377427 0.297746 0.087871
2 0.225018 0.273463 0.296965 0.0889182
2 0.885968 0.665773 0.0784338 0.0374872
3 0.481408 0.934952 0.0659835 0.0341582
0 0.676668 0.934978 0.0607492 0.035692
7 0.283245 0.933347 0.0570963 0.0304456
2 0.660196 0.274557 0.550732 0.0791111
2 0.219838 0.481535 0.299224 0.0874362
0 0.102864 0.0815344 0.0433715 0.033835
2 0.64651 0.3783 0.549605 0.0852328
2 0.721882 0.66519 0.118681 0.0284604
2 0.633179 0.482556 0.571284 0.0815987
