9 0.485112 0.798341 0.924102 0.209196
8 0.54827 0.0848374 0.790926 0.0577445
2 0.0935742 0.661487 0.0863563 0.0451961
2 0.885876 0.665578 0.0826477 0.0393841
2 0.224388 0.37781 0.300198 0.0877194
2 0.720335 0.664986 0.0572382 0.0336066
0 0.679135 0.935528 0.0635149 0.0364343
2 0.652743 0.273463 0.534518 0.0781208
3 0.482583 0.934776 0.0662166 0.0361362
2 0.221335 0.274096 0.299818 0.0852569
2 0.641191 0.377361 0.531306 0.0842561
2 0.252656 0.66351 0.0481336 0.0321445
7 0.286285 0.93358 0.0596976 0.0302905
0 0.102822 0.0815523 0.0433857 0.0332756
2 0.215554 0.584067 0.290456 0.0899177
2 0.621799 0.481543 0.523813 0.0853022
