9 0.485596 0.797583 0.923634 0.21085
2 0.0932066 0.661332 0.0877591 0.0455712
2 0.491981 0.379039 0.570327 0.0798808
0 0.678182 0.935009 0.0620025 0.0361587
2 0.458014 0.274232 0.74945 0.0646203
0 0.123983 0.0867299 0.0564786 0.0375896
3 0.482461 0.934596 0.0662416 0.0358866
7 0.241412 0.0874879 0.0473723 0.0429585
2 0.887682 0.665075 0.0841746 0.0395272
2 0.419328 0.484217 0.673289 0.0691713
7 0.285885 0.933728 0.0591323 0.0302506
2 0.888165 0.0899577 0.0673626 0.0363991
2 0.251307 0.661517 0.0500437 0.0337094
