9 0.486224 0.796735 0.913333 0.208634
2 0.0948047 0.660711 0.090381 0.0464368
2 0.538249 0.0844232 0.795949 0.0555222
2 0.620952 0.662949 0.0609644 0.0340094
2 0.88692 0.665218 0.0778833 0.0388797
2 0.489786 0.661782 0.0588473 0.03246
2 0.753438 0.663476 0.0588372 0.0330026
0 0.678454 0.935045 0.0619003 0.035955
3 0.482703 0.934752 0.0660991 0.0359387
2 0.226472 0.660581 0.0620409 0.0347643
0 0.103304 0.0817966 0.0436575 0.0345327
2 0.359439 0.661192 0.0684915 0.026485
7 0.286558 0.933114 0.0608138 0.0305102
