9 0.487979 0.798236 0.919463 0.207678
2 0.0949348 0.661053 0.0875167 0.0457149
8 0.551984 0.0844818 0.7847 0.0573326
2 0.223014 0.377373 0.297926 0.0877264
2 0.225059 0.273341 0.297387 0.0890806
0 0.676812 0.935582 0.05976 0.0350001
2 0.884813 0.666038 0.0799474 0.0374942
3 0.480914 0.934829 0.0665556 0.0355024
7 0.283085 0.93374 0.0582119 0.0296698
2 0.660915 0.274638 0.551653 0.0789397
2 0.220386 0.48165 0.299701 0.0874704
0 0.102729 0.0814311 0.044172 0.0340526
2 0.721988 0.665189 0.118241 0.0283089
2 0.646537 0.378251 0.550189 0.0849564
2 0.63052 0.482293 0.582779 0.0845161
