9 0.484834 0.797966 0.907892 0.205846
2 0.0936312 0.661126 0.0862829 0.0450558
8 0.552249 0.0848748 0.786279 0.0572284
2 0.886124 0.665862 0.0791879 0.0372583
3 0.481131 0.935112 0.0654032 0.0340585
2 0.224952 0.273625 0.297435 0.0889924
2 0.66075 0.274635 0.55003 0.0784467
7 0.283373 0.933489 0.0573211 0.0307346
0 0.677007 0.935283 0.0606908 0.0349041
2 0.222747 0.377043 0.301302 0.086255
2 0.64627 0.378205 0.555748 0.0825142
0 0.102839 0.0814277 0.0433772 0.0336495
2 0.220791 0.481147 0.29659 0.0883275
2 0.629757 0.48228 0.520956 0.0863886
2 0.222311 0.169227 0.303698 0.0946527
2 0.722683 0.665493 0.0884675 0.0258346
