9 0.486149 0.794189 0.917032 0.214646
2 0.0939363 0.660051 0.0919424 0.0512537
2 0.887603 0.663599 0.0880673 0.0456751
0 0.678836 0.936628 0.061594 0.0359686
2 0.62005 0.662725 0.0712209 0.0407699
3 0.482346 0.935865 0.06611 0.0353392
2 0.488573 0.661861 0.0670854 0.0373369
2 0.752762 0.663188 0.07066 0.0381708
0 0.123738 0.0813619 0.0560596 0.0319017
2 0.226726 0.660635 0.0744667 0.0410019
7 0.28617 0.934201 0.0598938 0.0321335
2 0.357349 0.660869 0.0768492 0.035746
2 0.707037 0.266024 0.397881 0.171004
