9 0.483444 0.798152 0.928816 0.20873
2 0.538305 0.284111 0.666412 0.0831538
2 0.525674 0.495576 0.657094 0.0841775
0 0.67812 0.935563 0.0631245 0.0355157
3 0.482224 0.93465 0.0662953 0.0355341
0 0.12396 0.0859678 0.0569872 0.0379858
2 0.468717 0.17669 0.774657 0.0728043
2 0.0948776 0.661062 0.0902059 0.0463296
2 0.397136 0.388213 0.454807 0.0615723
2 0.888387 0.664298 0.0860255 0.0414267
2 0.887845 0.0892768 0.0626951 0.0344652
7 0.286361 0.933154 0.0615163 0.0304523
3 0.28626 0.933517 0.0650686 0.0314425
