2 0.85977 0.0878881 0.0859386 0.0456583
2 0.146924 0.875965 0.106126 0.0676432
2 0.371442 0.876239 0.0902174 0.0625344
2 0.59711 0.876359 0.142673 0.0610385
0 0.678488 0.93757 0.0524102 0.0330862
3 0.480686 0.936802 0.0658655 0.0329375
2 0.821342 0.878061 0.116359 0.0671146
7 0.283636 0.934862 0.0571266 0.0297211
8 0.462329 0.0835408 0.690325 0.067594
4 0.874642 0.165719 0.0375486 0.0398091
2 0.820355 0.788097 0.157976 0.072612
2 0.839536 0.400868 0.0844206 0.0368185
8 0.499214 0.337315 0.811761 0.0530759
