9 0.486783 0.794804 0.914289 0.212889
2 0.0945358 0.659557 0.0917332 0.0501336
0 0.678229 0.936585 0.0621263 0.0360261
2 0.88928 0.663844 0.0866734 0.0439658
0 0.117346 0.0811459 0.0541797 0.0334253
2 0.279675 0.272631 0.364911 0.0444373
3 0.480481 0.935905 0.0657499 0.0356573
2 0.250826 0.210293 0.312236 0.0452719
7 0.283616 0.934225 0.0590365 0.0310858
2 0.251638 0.661403 0.0529466 0.0338265
2 0.256608 0.334419 0.325815 0.0471749
2 0.723682 0.663821 0.101778 0.0358432
2 0.485822 0.663022 0.119429 0.0373297
7 0.232806 0.0815869 0.0439188 0.0402535
2 0.907318 0.0868817 0.0603331 0.0343236
