9 0.486814 0.795021 0.920983 0.213939
2 0.0945279 0.659686 0.09204 0.0510039
2 0.887359 0.663776 0.0872649 0.0442353
0 0.116817 0.081172 0.0529263 0.0336903
0 0.67751 0.936917 0.0602535 0.0354132
2 0.487607 0.661776 0.073785 0.0363776
7 0.283352 0.935031 0.058198 0.0306506
3 0.480211 0.936043 0.0670569 0.0358813
2 0.262029 0.3341 0.335944 0.0457583
2 0.722328 0.662919 0.0978912 0.0374789
2 0.224053 0.210535 0.261137 0.0446067
5 0.646058 0.266911 0.707884 0.347666
2 0.199384 0.272012 0.209092 0.0435844
2 0.907272 0.086862 0.0609505 0.0348188
