9 0.48423 0.799266 0.927421 0.206895
2 0.0937052 0.661384 0.0864336 0.045103
8 0.55144 0.0846159 0.787741 0.0565426
2 0.464103 0.558537 0.20001 0.0308391
0 0.67918 0.935325 0.0652754 0.0361984
3 0.482603 0.934852 0.0659685 0.0358379
2 0.224803 0.274692 0.300033 0.0867172
2 0.886042 0.665783 0.0804949 0.0375546
2 0.649966 0.274117 0.527367 0.0785917
0 0.102778 0.0813805 0.0428296 0.0340027
2 0.461979 0.613447 0.1945 0.027333
2 0.224221 0.378441 0.300811 0.0899236
2 0.722327 0.66418 0.091048 0.0310089
7 0.286485 0.933663 0.0603919 0.0302337
2 0.222376 0.584068 0.298719 0.0862458
