9 0.486283 0.798076 0.910985 0.206561
2 0.0934984 0.661088 0.08657 0.0451908
8 0.549002 0.0848852 0.792832 0.0576287
2 0.885294 0.665439 0.0806777 0.0379039
2 0.661466 0.274353 0.549165 0.078482
2 0.224804 0.273525 0.297741 0.089056
0 0.678586 0.93562 0.0636126 0.0359467
3 0.482304 0.934718 0.0670811 0.0359342
2 0.22106 0.375906 0.298543 0.0868189
2 0.645974 0.378097 0.556065 0.0838922
2 0.723674 0.663819 0.0663193 0.0293695
2 0.253984 0.663809 0.0501785 0.0304334
7 0.286791 0.933033 0.0602362 0.0304955
0 0.102818 0.0814758 0.0431943 0.0338996
