9 0.487012 0.790341 0.918056 0.220897
2 0.0943372 0.660881 0.0920021 0.048002
2 0.377077 0.606797 0.0795897 0.0444872
2 0.122856 0.604687 0.0812186 0.0416335
0 0.67877 0.936571 0.0613534 0.0358927
3 0.482255 0.936008 0.0666876 0.0355612
2 0.250512 0.604626 0.0840747 0.0420714
7 0.285854 0.934247 0.0589107 0.0319101
0 0.144661 0.0817183 0.0759998 0.0363559
2 0.876238 0.0881655 0.0764166 0.0384755
2 0.887011 0.608813 0.072807 0.0411871
2 0.226986 0.660366 0.0756008 0.038989
2 0.890231 0.664915 0.0861087 0.0420062
2 0.504819 0.606954 0.0753233 0.043492
2 0.757475 0.608559 0.0813495 0.0415034
2 0.630133 0.607462 0.0820511 0.0438733
