9 0.48723 0.794989 0.914884 0.212459
2 0.0942897 0.659821 0.0944112 0.049901
0 0.677756 0.936837 0.0615061 0.0356857
2 0.888974 0.663543 0.0877561 0.0452441
0 0.117104 0.0811098 0.0541414 0.0336384
7 0.283654 0.934671 0.0589412 0.0310006
2 0.237308 0.272609 0.287872 0.0444234
3 0.480169 0.935949 0.0659911 0.0359747
2 0.490157 0.662439 0.0959751 0.0373196
2 0.23904 0.334449 0.291473 0.0448212
2 0.234592 0.209946 0.282526 0.044921
2 0.724133 0.662716 0.104639 0.039294
2 0.253382 0.661984 0.0938487 0.037367
5 0.658874 0.256185 0.682253 0.326989
8 0.497804 0.398674 0.854226 0.0525314
2 0.907296 0.0869284 0.060462 0.0346011
