9 0.487947 0.797381 0.919727 0.207926
8 0.548274 0.0847723 0.792091 0.0575352
2 0.0935808 0.661461 0.0861478 0.0450523
2 0.224378 0.377781 0.300026 0.0875413
2 0.884501 0.665583 0.0821138 0.0388332
2 0.72075 0.665123 0.0561711 0.0332813
0 0.678916 0.935597 0.0625656 0.0362123
2 0.652251 0.273533 0.531843 0.0783032
2 0.221319 0.274103 0.299986 0.0852975
3 0.482672 0.934808 0.0662063 0.0356964
2 0.64133 0.377469 0.531828 0.0843735
2 0.252736 0.663094 0.0482985 0.0314625
7 0.286051 0.933784 0.0593462 0.0294839
0 0.102866 0.0815202 0.0430468 0.0337045
2 0.215401 0.583838 0.289675 0.0901606
