1 0.482496 0.646745 0.815291 0.0648337
0 0.105785 0.103798 0.0476127 0.0476531
1 0.480897 0.560385 0.822604 0.0732645
1 0.482793 0.745257 0.798097 0.0789439
0 0.720849 0.959463 0.0430968 0.0389344
1 0.474254 0.829714 0.80809 0.0392826
2 0.285287 0.193316 0.423916 0.065916
2 0.270013 0.278721 0.391893 0.0571559
2 0.261154 0.365302 0.370105 0.0578576
7 0.225058 0.957554 0.0522681 0.0408966
2 0.196161 0.450543 0.243699 0.0612772
2 0.863731 0.107192 0.0781084 0.0442068
3 0.471878 0.957734 0.0599841 0.0348438
