7 0.225625 0.958683 0.0513552 0.0375013
5 0.351641 0.780817 0.692056 0.286837
1 0.529799 0.310779 0.726676 0.0364411
3 0.472402 0.958679 0.0601337 0.0296195
2 0.795562 0.817789 0.134052 0.0533294
2 0.480314 0.195182 0.234661 0.124076
0 0.721774 0.957824 0.0686523 0.0323758
2 0.0775798 0.957451 0.0502549 0.0368274
2 0.280093 0.545945 0.176902 0.0399303
2 0.796581 0.745108 0.138458 0.0484498
2 0.110844 0.503182 0.0539512 0.0295666
2 0.526035 0.88685 0.0587948 0.0447921
2 0.797367 0.900854 0.0914336 0.0413597
2 0.849604 0.409589 0.0702029 0.029596
2 0.109423 0.310349 0.0544792 0.0396777
