2 0.125075 0.846218 0.0881351 0.0495587
2 0.28381 0.761975 0.39476 0.0609719
2 0.230481 0.339916 0.298324 0.0598447
0 0.105612 0.102757 0.0453769 0.0462751
2 0.280608 0.678069 0.388097 0.061185
2 0.254298 0.508273 0.347263 0.0659479
2 0.335832 0.595108 0.510283 0.0627213
3 0.471805 0.959498 0.0606541 0.0285205
7 0.224816 0.957723 0.0404761 0.0295597
0 0.721682 0.958545 0.0516022 0.0430327
2 0.124075 0.924263 0.0969139 0.0375246
4 0.861879 0.107837 0.0418755 0.0423853
2 0.773359 0.106806 0.0793074 0.0431501
2 0.303125 0.253641 0.1815 0.0628671
2 0.130024 0.423132 0.0898606 0.05049
2 0.129598 0.338004 0.0898829 0.0482991
2 0.327824 0.423621 0.485931 0.0605918
