9 0.468602 0.780523 0.913943 0.298349
2 0.585097 0.217868 0.185704 0.110713
2 0.372668 0.217803 0.156579 0.113874
2 0.800587 0.220582 0.194216 0.112386
8 0.474457 0.0876425 0.913911 0.0667613
2 0.152984 0.216373 0.190663 0.11197
2 0.696188 0.605888 0.102285 0.037637
3 0.47177 0.959054 0.0550478 0.0362717
7 0.226016 0.958403 0.056575 0.0411627
2 0.473656 0.60346 0.0984104 0.0351373
2 0.248959 0.601949 0.0653593 0.0401465
0 0.72171 0.957751 0.0770116 0.0348428
8 0.486411 0.55547 0.844084 0.0528867
2 0.0781748 0.957137 0.0548262 0.0364853
4 0.864519 0.603012 0.0698181 0.0257758
2 0.863805 0.0872082 0.0653904 0.040008
4 0.0925258 0.0881546 0.0477368 0.0502362
