0 0.123549 0.103068 0.0443274 0.0450697
1 0.49384 0.656857 0.827941 0.0518574
2 0.207702 0.287525 0.221478 0.0626446
2 0.235485 0.378849 0.274931 0.0585387
1 0.485125 0.722108 0.844951 0.0502155
2 0.151374 0.65461 0.129311 0.0336946
2 0.325884 0.470315 0.465235 0.0547253
2 0.274722 0.193548 0.355595 0.061159
7 0.242887 0.957511 0.0670692 0.0425278
3 0.489817 0.958977 0.0725944 0.0375145
0 0.738878 0.959537 0.0634404 0.0413746
2 0.224429 0.721995 0.272643 0.0423968
2 0.163418 0.544333 0.147848 0.0398442
2 0.188331 0.605865 0.189839 0.0286267
