9 0.469567 0.779486 0.915512 0.29985
2 0.583566 0.22381 0.189874 0.106207
2 0.154446 0.21898 0.190541 0.112269
8 0.515199 0.0881851 0.827983 0.0687587
2 0.801071 0.21826 0.187033 0.114018
2 0.372565 0.219603 0.151977 0.113408
2 0.252975 0.603179 0.1539 0.0364793
2 0.698921 0.602559 0.077003 0.0389348
2 0.475623 0.601568 0.0875567 0.0352847
2 0.479511 0.329115 0.232029 0.0361498
3 0.471823 0.959142 0.0552352 0.0358154
7 0.225896 0.958419 0.0565729 0.0412518
0 0.721788 0.957819 0.0768471 0.0346914
2 0.077687 0.956846 0.0541181 0.0359006
2 0.863354 0.0878219 0.0607428 0.0388784
