2 0.12115 0.899035 0.0959561 0.0554523
2 0.274687 0.729048 0.381413 0.0618787
2 0.24939 0.392103 0.338179 0.0609914
2 0.283305 0.6437 0.393671 0.0623009
2 0.377065 0.560702 0.596296 0.062402
0 0.721506 0.958705 0.0478765 0.0398705
0 0.105101 0.103482 0.0462294 0.0443542
7 0.22477 0.958254 0.0417243 0.031727
2 0.22039 0.477117 0.2808 0.0600706
3 0.472444 0.958539 0.0637025 0.0338962
2 0.125845 0.814262 0.08755 0.0507403
2 0.342062 0.303942 0.520278 0.0639159
2 0.27036 0.812092 0.36874 0.0609596
4 0.861826 0.107451 0.0427834 0.0432465
2 0.772244 0.10727 0.082543 0.0460911
