2 0.75994 0.896413 0.136399 0.066763
0 0.72097 0.960254 0.0580427 0.034382
3 0.47234 0.959366 0.0654678 0.0294733
2 0.374727 0.415033 0.595904 0.0783049
7 0.226884 0.958701 0.0676482 0.0330021
2 0.76546 0.10724 0.0523614 0.0391663
2 0.185002 0.896806 0.150974 0.0615819
2 0.29836 0.699823 0.446378 0.0685471
2 0.47925 0.257284 0.0276805 0.0256
2 0.471542 0.896414 0.184582 0.0620795
2 0.524203 0.257045 0.0303139 0.026502
2 0.839142 0.339443 0.0555735 0.0358374
2 0.670978 0.107952 0.0577157 0.0380413
2 0.869046 0.102259 0.062217 0.052833
