2 0.295452 0.899293 0.424203 0.0307112
0 0.103863 0.102832 0.0499464 0.0529764
7 0.225211 0.957477 0.0516592 0.0407185
2 0.864393 0.106238 0.0791174 0.0465586
3 0.472487 0.959573 0.0607501 0.0287686
0 0.722974 0.958069 0.0547916 0.0444506
2 0.311083 0.835849 0.473004 0.0360951
2 0.740745 0.450239 0.27118 0.0384508
2 0.200091 0.535993 0.237868 0.0318497
2 0.193293 0.492271 0.234034 0.0320808
2 0.708844 0.578471 0.335084 0.0344868
2 0.200808 0.45184 0.251538 0.0326086
2 0.730572 0.493179 0.297645 0.0360658
2 0.256077 0.771556 0.371947 0.0384796
2 0.268859 0.706347 0.396938 0.0406391
