9 0.47216 0.775488 0.909039 0.300718
2 0.261989 0.324341 0.181598 0.0779253
2 0.711322 0.601145 0.0749683 0.0438148
2 0.280193 0.545191 0.171574 0.0388141
7 0.225896 0.959401 0.0510184 0.0364697
3 0.472048 0.958891 0.0556843 0.0356649
2 0.668629 0.543783 0.142333 0.0494323
2 0.0773798 0.956577 0.0531195 0.0367766
0 0.722273 0.957789 0.0733152 0.0325719
2 0.288043 0.414261 0.228542 0.0503137
2 0.109403 0.412024 0.057221 0.0298668
2 0.520611 0.600376 0.0649022 0.043636
4 0.862303 0.60128 0.0813793 0.0321846
