2 0.266555 0.622081 0.368956 0.0611647
0 0.105503 0.104294 0.0469057 0.049686
2 0.283169 0.707377 0.395728 0.0618168
2 0.328855 0.539665 0.49532 0.0660934
2 0.236027 0.369695 0.294574 0.0601776
2 0.125686 0.877245 0.0915819 0.0528122
3 0.471708 0.957912 0.0568711 0.0360919
0 0.721451 0.95863 0.0490491 0.0447994
7 0.224931 0.957427 0.0465458 0.0333529
2 0.225866 0.456189 0.286113 0.0646636
2 0.47566 0.280089 0.794746 0.0650514
4 0.861887 0.10757 0.0403657 0.0452346
2 0.126221 0.792073 0.0867903 0.047809
2 0.129683 0.4536 0.0878579 0.0488975
2 0.772375 0.107156 0.0787859 0.0484377
2 0.284793 0.193542 0.412715 0.0620546
2 0.334642 0.794082 0.506547 0.0678779
