2 0.796391 0.19881 0.155463 0.0987369
2 0.368366 0.782403 0.158479 0.0962008
2 0.163102 0.783465 0.14922 0.0951761
2 0.164816 0.347047 0.151378 0.0940936
2 0.576698 0.640681 0.145052 0.0946222
2 0.783285 0.641068 0.150707 0.0920093
2 0.782091 0.786385 0.149745 0.0969556
2 0.573804 0.785011 0.154249 0.0973198
2 0.166246 0.641265 0.143258 0.0925648
2 0.582494 0.199351 0.16121 0.0987852
2 0.165629 0.494579 0.145454 0.0936168
2 0.577529 0.499308 0.153923 0.08858
2 0.790743 0.350182 0.141867 0.0925366
2 0.368151 0.645374 0.123297 0.0889844
2 0.581585 0.348242 0.148775 0.0976389
2 0.1651 0.196574 0.154604 0.103023
2 0.374709 0.199608 0.141051 0.0985883
8 0.491587 0.0866567 0.866471 0.0660565
2 0.36872 0.496682 0.138571 0.0940951
2 0.789119 0.499424 0.132068 0.0875574
2 0.373154 0.347738 0.143676 0.0983917
7 0.225905 0.95685 0.0746939 0.0352985
0 0.721313 0.958655 0.0594726 0.0375064
3 0.47255 0.959242 0.0704048 0.0372434
4 0.866642 0.0880308 0.0545423 0.0466764
