2 0.282076 0.335992 0.391971 0.0649391
0 0.105514 0.102679 0.04492 0.0473319
2 0.358573 0.246487 0.554176 0.0660399
2 0.286488 0.420081 0.404717 0.0620716
2 0.478001 0.500297 0.789771 0.0682229
2 0.222302 0.675057 0.28088 0.0583434
3 0.472115 0.958935 0.0641923 0.0323044
2 0.330558 0.76061 0.501801 0.0668244
2 0.233048 0.589941 0.292266 0.0596301
7 0.225009 0.957683 0.0418664 0.0307061
0 0.722471 0.958639 0.0561942 0.0434689
4 0.861974 0.107361 0.0401805 0.0416546
2 0.293148 0.160164 0.431924 0.0569113
2 0.773068 0.106752 0.0795642 0.0436992
2 0.124738 0.843446 0.0900818 0.0497342
2 0.123942 0.922381 0.0961802 0.0402701
2 0.128782 0.673932 0.0875225 0.0481604
