2 0.262496 0.742684 0.35836 0.0619596
2 0.262142 0.659231 0.359429 0.0637001
2 0.123371 0.914378 0.0951364 0.0548372
2 0.238023 0.57636 0.311005 0.0597621
2 0.302729 0.232735 0.440326 0.060514
2 0.243867 0.406013 0.326217 0.0618966
0 0.104783 0.103153 0.045117 0.0452006
2 0.318857 0.319986 0.469928 0.0630797
2 0.358251 0.490713 0.556465 0.064863
0 0.721964 0.958114 0.0494448 0.0448346
3 0.471855 0.959229 0.0612748 0.0300263
2 0.288563 0.826421 0.410757 0.0598174
7 0.225122 0.958163 0.0394937 0.0288313
2 0.216455 0.154933 0.270929 0.0384302
4 0.861933 0.107354 0.041135 0.0429712
2 0.772794 0.106916 0.0808255 0.0450026
