2 0.800073 0.218271 0.155358 0.110186
9 0.470113 0.779824 0.90889 0.299086
2 0.586365 0.21664 0.151237 0.113953
2 0.373285 0.215559 0.156711 0.116841
2 0.158674 0.216186 0.146597 0.104284
8 0.493341 0.0875246 0.887231 0.0683653
3 0.471756 0.959172 0.0551024 0.0359588
7 0.225864 0.958372 0.0566484 0.0419243
0 0.721716 0.957841 0.0772679 0.0347467
2 0.472713 0.60303 0.102532 0.0344458
2 0.189688 0.460828 0.20736 0.0397978
2 0.0776886 0.956983 0.0535194 0.0367529
2 0.250254 0.603155 0.0939311 0.0341
2 0.697854 0.603752 0.0856216 0.0383942
2 0.864157 0.0872396 0.0694026 0.0404623
2 0.480928 0.330359 0.216667 0.0391543
