9 0.470505 0.777928 0.911629 0.294051
8 0.475643 0.151237 0.863193 0.0678359
2 0.879166 0.0824148 0.0590906 0.034469
2 0.481889 0.524725 0.822819 0.0651784
2 0.323957 0.60051 0.0739542 0.0418248
2 0.494292 0.226257 0.845217 0.0576121
2 0.711506 0.601358 0.0753773 0.0432723
7 0.226014 0.959209 0.0509854 0.0362643
2 0.520431 0.599908 0.0733089 0.0454756
3 0.472283 0.958921 0.0564088 0.034906
0 0.722158 0.957796 0.0724261 0.032042
2 0.0772816 0.9564 0.0522598 0.0367646
2 0.127134 0.599409 0.0899638 0.0479505
0 0.0937528 0.0801747 0.0658995 0.0392313
