2 0.28359 0.638012 0.399774 0.0653218
2 0.303209 0.722014 0.443175 0.0657082
2 0.123751 0.893619 0.0922284 0.0551373
2 0.420298 0.804152 0.682275 0.0622418
2 0.296393 0.554708 0.429509 0.0622974
2 0.213824 0.468466 0.269989 0.0588867
0 0.105395 0.104276 0.045958 0.0459971
0 0.721788 0.958921 0.0484131 0.0415915
3 0.471831 0.958402 0.0582519 0.0343083
7 0.224903 0.958003 0.0418494 0.0312691
2 0.396984 0.879905 0.667074 0.046548
4 0.861547 0.107745 0.0375541 0.0440876
2 0.129412 0.466755 0.0901289 0.0513571
2 0.128622 0.554224 0.0913667 0.0489742
2 0.771843 0.107122 0.0776443 0.0475916
2 0.305124 0.313971 0.460232 0.0372282
