1 0.482141 0.652315 0.813371 0.0701917
0 0.105632 0.103963 0.0462493 0.0506841
2 0.270979 0.498021 0.387936 0.0587726
0 0.721267 0.959682 0.0542983 0.0390311
7 0.228009 0.959398 0.0708888 0.0350708
2 0.207864 0.573981 0.260779 0.0333619
2 0.321737 0.293686 0.488961 0.0356258
2 0.128764 0.190803 0.0913713 0.0528343
2 0.216272 0.411707 0.276866 0.0541087
2 0.30871 0.189104 0.458571 0.0604412
2 0.757451 0.878149 0.0991976 0.0584867
2 0.473749 0.95911 0.0763833 0.0287526
2 0.1823 0.893526 0.110028 0.0652686
3 0.472765 0.958777 0.0743451 0.0284216
