2 0.404825 0.612692 0.102571 0.0728686
2 0.540276 0.61158 0.109806 0.0729439
2 0.184209 0.809935 0.200694 0.0571783
2 0.675875 0.611763 0.100678 0.0711704
2 0.273411 0.611431 0.0969547 0.0692469
0 0.724307 0.958851 0.0657427 0.03638
7 0.224409 0.956358 0.0753364 0.0344221
2 0.472397 0.523411 0.533863 0.0402777
3 0.472377 0.959083 0.0776475 0.0317535
2 0.756172 0.811316 0.0853391 0.0405868
2 0.662121 0.900438 0.127509 0.0410119
8 0.475012 0.523025 0.532236 0.0414035
2 0.563994 0.810449 0.0849076 0.0283744
