2 0.246425 0.760214 0.332602 0.060849
0 0.105008 0.103104 0.0447744 0.0452293
0 0.72188 0.958818 0.0479295 0.0435275
2 0.125 0.843788 0.091755 0.0495906
2 0.3044 0.59276 0.189771 0.0638481
2 0.322948 0.247769 0.484068 0.0634196
3 0.471695 0.958722 0.0653742 0.0303936
7 0.224917 0.957851 0.041287 0.0300038
2 0.329619 0.501567 0.47835 0.0682849
2 0.123302 0.92233 0.0985537 0.0418595
2 0.263644 0.334889 0.363936 0.0633746
2 0.247413 0.420563 0.333874 0.0604752
2 0.330858 0.675368 0.500598 0.0647296
4 0.861446 0.107263 0.0407315 0.0429121
2 0.77272 0.107038 0.0812382 0.0457268
2 0.238557 0.161406 0.318156 0.0576789
