2 0.471146 0.857086 0.18337 0.0947159
2 0.836828 0.0959581 0.0677211 0.0347528
2 0.129109 0.0934395 0.0632385 0.0346971
0 0.72168 0.959067 0.0371791 0.030538
2 0.685023 0.771432 0.108205 0.0205676
2 0.761438 0.857429 0.151084 0.062906
2 0.183217 0.856184 0.167617 0.065032
2 0.83839 0.771551 0.101489 0.0247141
3 0.472604 0.958532 0.0558595 0.025741
2 0.279858 0.769972 0.0681974 0.0211904
2 0.473488 0.770526 0.185795 0.0293335
2 0.832268 0.689289 0.0890082 0.0472098
7 0.224903 0.957526 0.0534594 0.0268963
2 0.364952 0.094188 0.0641771 0.0372462
2 0.60025 0.0948332 0.074158 0.0361935
