2 0.253306 0.384042 0.345781 0.0507556
2 0.269956 0.50267 0.376153 0.0519322
2 0.32181 0.804174 0.490318 0.0500986
2 0.313757 0.744494 0.471989 0.0509873
2 0.208247 0.444879 0.254477 0.0459914
2 0.311369 0.5638 0.469818 0.0533897
2 0.288915 0.624603 0.422758 0.0505319
0 0.105905 0.102337 0.0442968 0.0456926
0 0.723065 0.957838 0.0542642 0.0446286
3 0.470438 0.958723 0.0597765 0.0286304
7 0.224032 0.957393 0.0402526 0.0312146
2 0.293419 0.864588 0.436942 0.0490805
2 0.367158 0.68334 0.591332 0.0513033
2 0.123172 0.624574 0.0768077 0.0419512
2 0.117427 0.922063 0.0832913 0.0415607
