1 0.480819 0.564541 0.816697 0.0689377
0 0.10532 0.104177 0.0458429 0.0492698
2 0.274996 0.41161 0.393628 0.0559677
2 0.18374 0.894277 0.107079 0.0618138
2 0.217364 0.323919 0.275659 0.0549514
0 0.721307 0.959639 0.0527446 0.0398053
7 0.227424 0.959176 0.0664095 0.0342514
2 0.22565 0.695644 0.29529 0.0579699
3 0.472409 0.95897 0.0736756 0.0287936
2 0.753526 0.881417 0.100209 0.0537855
2 0.473265 0.9593 0.0755278 0.0292068
2 0.469663 0.892659 0.131747 0.066483
2 0.20803 0.486238 0.260516 0.0353893
