0 0.104579 0.104033 0.0456837 0.0476231
2 0.287765 0.372865 0.410277 0.0620146
2 0.299146 0.457882 0.425662 0.0669797
2 0.124431 0.882065 0.0861686 0.0524832
2 0.304081 0.283825 0.426935 0.065105
2 0.312416 0.541675 0.45562 0.0637894
2 0.322701 0.197781 0.48191 0.0613129
2 0.240831 0.627372 0.317851 0.0607552
7 0.22473 0.957604 0.0459134 0.0334498
3 0.472102 0.957814 0.0624866 0.0357528
2 0.348222 0.711289 0.538087 0.0648057
2 0.234614 0.795961 0.310383 0.0589356
0 0.722345 0.958226 0.0577174 0.0455554
4 0.861792 0.107362 0.0414274 0.0423707
2 0.77308 0.106934 0.0795684 0.0446185
