1 0.486863 0.596795 0.815391 0.0514226
0 0.123971 0.102706 0.0457608 0.0494072
1 0.488882 0.854135 0.813891 0.0460016
1 0.484818 0.789187 0.815676 0.0452624
0 0.739687 0.961332 0.0414757 0.032085
1 0.487442 0.660037 0.812616 0.0449959
7 0.242552 0.958291 0.0451799 0.0351061
1 0.481741 0.914402 0.802873 0.0343346
1 0.48581 0.725471 0.814583 0.0472726
3 0.490347 0.959675 0.0684659 0.031696
1 0.838985 0.660714 0.107066 0.040845
1 0.835119 0.917625 0.108261 0.0383347
1 0.83698 0.852807 0.100874 0.0349777
1 0.833652 0.78976 0.104571 0.0380636
1 0.837857 0.725416 0.102208 0.0378018
