2 0.232902 0.72622 0.307707 0.0597446
2 0.249176 0.55864 0.33751 0.0603089
2 0.273473 0.641591 0.385581 0.0623831
2 0.122085 0.895754 0.0932699 0.0545673
2 0.347095 0.215284 0.534149 0.0627537
0 0.10502 0.104251 0.0463433 0.0485106
2 0.232838 0.300594 0.30182 0.0590509
2 0.268817 0.472908 0.372782 0.0599889
3 0.472278 0.957919 0.0648193 0.0343933
7 0.224721 0.958108 0.0416548 0.0312349
0 0.720985 0.958617 0.0561622 0.043808
4 0.862148 0.107107 0.0411434 0.0428717
2 0.274686 0.809418 0.38873 0.0575613
2 0.772407 0.106994 0.0812658 0.0454779
