0 0.721326 0.96015 0.0625122 0.034839
2 0.184722 0.894719 0.153759 0.0615006
3 0.473207 0.959442 0.0680471 0.029708
7 0.226285 0.959269 0.0691083 0.0334427
2 0.205935 0.296251 0.239202 0.0419575
2 0.769683 0.882996 0.137016 0.066962
2 0.766333 0.41722 0.197278 0.0442522
2 0.470595 0.89312 0.183199 0.0671151
2 0.477466 0.418705 0.141526 0.0369689
2 0.831182 0.341946 0.0752869 0.0337289
2 0.76578 0.106976 0.0567693 0.0370893
4 0.854829 0.105006 0.0372368 0.0408659
2 0.191917 0.501801 0.182324 0.0405048
