9 0.470823 0.775315 0.911575 0.300722
2 0.281919 0.543861 0.172999 0.0463341
2 0.66852 0.543701 0.141208 0.0477555
2 0.710748 0.60127 0.0785124 0.0442539
7 0.225827 0.959407 0.0510462 0.0365155
3 0.472004 0.958895 0.0551456 0.0355458
0 0.722506 0.957944 0.0720164 0.0321388
2 0.3243 0.6005 0.0775179 0.0441789
2 0.0772933 0.956568 0.0526628 0.036376
2 0.520873 0.600922 0.0699209 0.0436502
4 0.862674 0.601192 0.0820481 0.0315598
2 0.855956 0.150939 0.0908125 0.0417942
4 0.85344 0.256925 0.0779886 0.0316022
