2 0.124035 0.910553 0.0918104 0.0556912
2 0.285448 0.401525 0.406515 0.0677519
2 0.302195 0.316873 0.438487 0.0645474
0 0.721283 0.959293 0.0441279 0.0410617
0 0.105146 0.103036 0.045133 0.0455083
2 0.212093 0.741933 0.25879 0.0613498
3 0.471938 0.958975 0.0575998 0.0312784
2 0.361308 0.573373 0.553967 0.0633545
2 0.402862 0.228271 0.650031 0.0664437
7 0.224997 0.958095 0.0391238 0.0290287
2 0.470824 0.48816 0.771657 0.0652635
4 0.861785 0.107171 0.0381232 0.0425736
2 0.127163 0.739815 0.0889718 0.0473706
2 0.232131 0.15304 0.299515 0.0406151
2 0.281383 0.657546 0.408468 0.0622699
2 0.316718 0.820483 0.478557 0.0607123
2 0.125502 0.824768 0.0914717 0.0496855
2 0.772259 0.106572 0.0790352 0.0457223
