5 0.35253 0.778857 0.686934 0.28998
7 0.225795 0.958332 0.0511693 0.0374853
2 0.256445 0.444406 0.180782 0.087141
2 0.713199 0.601705 0.0734531 0.037478
3 0.472242 0.958663 0.0595531 0.0295962
2 0.255489 0.333955 0.170157 0.0760814
2 0.795703 0.817728 0.1342 0.0534082
2 0.077062 0.956644 0.0508456 0.0356355
2 0.796698 0.744962 0.137378 0.0488831
0 0.721793 0.95799 0.0692757 0.0329046
2 0.280445 0.543414 0.181222 0.0522843
2 0.796968 0.900846 0.0916488 0.0416937
2 0.794616 0.672422 0.134136 0.0565265
2 0.526018 0.886968 0.0597213 0.0451688
3 0.395402 0.0762083 0.066474 0.0383371
2 0.521789 0.600598 0.0886823 0.0510225
2 0.847374 0.433866 0.0633336 0.0260776
