0 0.106499 0.101295 0.0438932 0.0490044
2 0.305346 0.643383 0.447632 0.05215
2 0.292994 0.762289 0.428836 0.0491996
2 0.194806 0.823319 0.237236 0.0462123
2 0.28158 0.702946 0.403946 0.0490468
2 0.29345 0.463069 0.427182 0.0526437
2 0.304785 0.583434 0.44946 0.0508376
2 0.328995 0.402176 0.50163 0.0513669
2 0.293134 0.21648 0.428791 0.0537674
7 0.224731 0.958282 0.0448622 0.0329588
3 0.47304 0.957931 0.0677461 0.0356561
2 0.318562 0.341273 0.481186 0.0557012
0 0.721207 0.958359 0.0532615 0.0443263
2 0.340634 0.522529 0.521944 0.0509097
2 0.374021 0.277995 0.602467 0.0547347
2 0.119149 0.884626 0.0828416 0.0472253
2 0.122521 0.762312 0.0774513 0.0395318
2 0.249161 0.882342 0.358878 0.0506049
2 0.123394 0.582695 0.0781203 0.0433084
