2 0.270363 0.327432 0.375453 0.0594667
2 0.240892 0.752375 0.324221 0.0615155
2 0.243755 0.58234 0.326877 0.0630511
2 0.286754 0.413767 0.398906 0.0622903
2 0.33469 0.498627 0.507246 0.0682366
2 0.333677 0.240828 0.505804 0.0631211
2 0.412601 0.666362 0.666901 0.0634071
0 0.105176 0.103428 0.0456011 0.0458288
3 0.471843 0.958372 0.0595357 0.0323311
7 0.224722 0.95797 0.0460068 0.0345916
0 0.723642 0.959395 0.0553317 0.0414087
0 0.269924 0.928672 0.0339525 0.0270316
4 0.862124 0.107393 0.0410841 0.0427583
2 0.772634 0.107033 0.0806412 0.0443513
2 0.308956 0.835891 0.464274 0.0686072
