0 0.105448 0.103793 0.0468726 0.0492317
2 0.299323 0.701689 0.435114 0.0643151
2 0.321254 0.45236 0.480654 0.0656665
2 0.376142 0.364795 0.599099 0.0627458
2 0.330898 0.535908 0.494537 0.0628754
2 0.124028 0.873984 0.0910407 0.0551867
2 0.343784 0.786095 0.524773 0.0620955
2 0.303373 0.278914 0.440955 0.063821
0 0.721972 0.958194 0.0489388 0.0447287
2 0.331166 0.618863 0.49146 0.065201
3 0.471834 0.958442 0.0570952 0.033629
7 0.225172 0.957564 0.0467504 0.0339754
2 0.39226 0.189739 0.633291 0.0626313
2 0.129303 0.277429 0.0874214 0.0493693
4 0.861456 0.106953 0.0369687 0.0426778
2 0.126993 0.788036 0.0895559 0.0481039
