2 0.259445 0.794396 0.383543 0.062272
2 0.327287 0.519651 0.517603 0.058389
2 0.332198 0.347153 0.528248 0.0601085
2 0.380571 0.709214 0.615053 0.05782
2 0.41706 0.603133 0.690021 0.0577661
2 0.325979 0.237129 0.512079 0.0588323
0 0.722095 0.958462 0.0546957 0.039333
3 0.471945 0.95888 0.0624295 0.0314408
2 0.355074 0.435921 0.579903 0.0643794
7 0.22486 0.95753 0.04515 0.0330661
2 0.862655 0.107529 0.0775818 0.0436141
2 0.103801 0.877839 0.0736879 0.0440621
2 0.437446 0.873808 0.740946 0.060023
