2 0.222992 0.616845 0.189396 0.0643723
2 0.474207 0.386668 0.123428 0.0666316
2 0.475767 0.272944 0.173049 0.066312
2 0.221114 0.386234 0.117399 0.0674979
2 0.220444 0.501327 0.126145 0.0646295
2 0.727441 0.385617 0.180122 0.0730929
2 0.725916 0.504653 0.216287 0.0692818
2 0.2834 0.16483 0.375472 0.0664535
2 0.471126 0.504828 0.241697 0.0653699
2 0.675805 0.165414 0.375298 0.0676826
2 0.292335 0.769445 0.0984846 0.0231164
2 0.731087 0.26894 0.206838 0.0815585
2 0.220289 0.266391 0.113491 0.0735658
2 0.474545 0.770315 0.145906 0.0335415
2 0.139141 0.769096 0.113996 0.0271326
7 0.225068 0.957024 0.0686714 0.0336139
0 0.723201 0.958954 0.0479886 0.0359826
2 0.820618 0.771441 0.0642312 0.029008
3 0.473156 0.95896 0.0635884 0.0326445
