9 0.469572 0.780226 0.91475 0.298477
2 0.585861 0.218235 0.157313 0.113297
2 0.799622 0.218852 0.150887 0.11393
2 0.372516 0.217637 0.182873 0.115763
8 0.479575 0.0876672 0.864291 0.0681546
2 0.129482 0.601139 0.0599889 0.0324863
2 0.158679 0.220811 0.143212 0.111665
2 0.582466 0.468297 0.162427 0.047368
2 0.477728 0.328265 0.229225 0.0353139
2 0.325127 0.600867 0.0717382 0.0399747
2 0.7106 0.601926 0.075372 0.0415512
7 0.226065 0.958441 0.0559816 0.0412198
2 0.761168 0.467576 0.155247 0.0480789
3 0.472075 0.959038 0.0563658 0.0359202
2 0.519939 0.601767 0.0716477 0.0412601
0 0.721798 0.957823 0.0770298 0.0348689
2 0.0776472 0.95684 0.0541877 0.0366095
4 0.865232 0.0889533 0.0341264 0.0472121
4 0.864814 0.60251 0.0712579 0.0265556
