2 0.23792 0.342962 0.312809 0.059157
2 0.230403 0.597903 0.297274 0.0625987
0 0.104881 0.103378 0.0442061 0.0450468
2 0.125594 0.851599 0.0897621 0.049433
2 0.342913 0.512562 0.520642 0.0667404
2 0.265352 0.765544 0.371269 0.0669378
2 0.336453 0.427989 0.512402 0.064334
3 0.472001 0.958337 0.0625721 0.0326843
2 0.250155 0.25574 0.332728 0.0628455
7 0.224808 0.957769 0.0414955 0.0300642
0 0.72171 0.95843 0.0537056 0.0445126
2 0.430053 0.683198 0.706076 0.0634634
4 0.861977 0.107304 0.0415355 0.0429728
2 0.772952 0.107507 0.0811881 0.0455178
2 0.129958 0.340666 0.0862757 0.0465417
