0 0.122851 0.102633 0.0463704 0.0507469
1 0.490794 0.42417 0.827361 0.0497437
1 0.488328 0.48743 0.834166 0.0482793
1 0.485248 0.879095 0.813453 0.0474423
1 0.486958 0.749035 0.814942 0.0456281
1 0.486587 0.813681 0.817644 0.0461989
1 0.490385 0.555588 0.828189 0.0493922
0 0.739873 0.960943 0.0437609 0.0339822
1 0.483847 0.619863 0.819039 0.0448041
7 0.24246 0.958057 0.0532096 0.0393998
1 0.48464 0.68519 0.814634 0.0463315
3 0.491137 0.95969 0.0678651 0.0318562
1 0.834073 0.813032 0.101504 0.0361742
1 0.836448 0.620376 0.107277 0.0404422
2 0.4873 0.336316 0.81748 0.0795944
