2 0.357873 0.463165 0.544944 0.0604861
2 0.354994 0.378467 0.525116 0.061031
2 0.359783 0.266345 0.549007 0.0594787
2 0.345185 0.548696 0.529088 0.0632493
2 0.327943 0.760589 0.491291 0.0649836
2 0.343722 0.863912 0.532274 0.0663191
0 0.738976 0.959014 0.047558 0.0441004
3 0.4903 0.959486 0.0587122 0.0328824
7 0.240721 0.957409 0.0618804 0.0335898
2 0.359557 0.1794 0.559771 0.0620953
2 0.121455 0.867855 0.070654 0.0471131
2 0.230526 0.66432 0.300303 0.0793285
2 0.884229 0.106828 0.074305 0.0400133
