2 0.176517 0.759518 0.146535 0.0697846
2 0.568846 0.6627 0.11743 0.0633317
2 0.373539 0.659924 0.138603 0.0698352
2 0.566779 0.759114 0.0961227 0.0707961
2 0.17583 0.660009 0.115565 0.0711076
2 0.769012 0.759522 0.141157 0.0782752
2 0.372949 0.76946 0.122431 0.0848476
0 0.72531 0.959242 0.0748968 0.0390408
7 0.226454 0.957857 0.0594432 0.0457443
2 0.767163 0.657856 0.18475 0.0861207
3 0.473088 0.958826 0.0676827 0.0361053
2 0.807751 0.867227 0.0578833 0.0501143
8 0.476037 0.868913 0.83646 0.0856897
4 0.861291 0.110442 0.0406035 0.0470391
2 0.772936 0.108402 0.0579226 0.038349
1 0.691519 0.435004 0.393524 0.0723403
