2 0.255808 0.608611 0.351369 0.0582836
0 0.105246 0.103816 0.0457187 0.0458451
2 0.371429 0.775108 0.580411 0.0648587
2 0.260853 0.693776 0.362336 0.0581888
2 0.210961 0.524324 0.259365 0.0567108
2 0.211654 0.440687 0.262174 0.0583496
3 0.471475 0.958182 0.0574816 0.0345377
7 0.225129 0.957461 0.0456781 0.0295828
0 0.72228 0.958297 0.0507922 0.0437426
4 0.862243 0.107533 0.0403012 0.046304
2 0.126952 0.86254 0.0894867 0.0500077
2 0.772477 0.107623 0.0779364 0.0497926
2 0.129175 0.524465 0.0890081 0.0485553
