2 0.222785 0.616461 0.189123 0.0668144
2 0.47386 0.386273 0.122429 0.0668884
2 0.220829 0.501372 0.127304 0.0655225
2 0.475177 0.271317 0.170466 0.0662446
2 0.221374 0.38578 0.11741 0.0682732
2 0.727806 0.385396 0.180668 0.0728051
2 0.292432 0.763809 0.159023 0.0297593
2 0.726417 0.504317 0.217125 0.0696744
2 0.221078 0.268259 0.0958488 0.0685495
2 0.468645 0.506679 0.24189 0.0662288
2 0.732064 0.270977 0.203602 0.0783361
7 0.224801 0.957395 0.0719997 0.0343365
2 0.082973 0.763805 0.132201 0.0305125
3 0.47305 0.958244 0.0662212 0.0350339
0 0.724424 0.958746 0.0569251 0.0389206
2 0.471636 0.876886 0.143494 0.0422952
2 0.480081 0.763263 0.150924 0.0362584
