9 0.469961 0.77994 0.91111 0.298738
2 0.584596 0.216531 0.155499 0.113391
2 0.800926 0.225043 0.186271 0.103638
2 0.373966 0.217203 0.182599 0.113171
2 0.155973 0.217262 0.2019 0.11081
8 0.484362 0.0876906 0.887287 0.0674543
2 0.473194 0.602478 0.111784 0.0338154
3 0.471865 0.959051 0.05539 0.0358334
7 0.226105 0.958506 0.0565827 0.041184
2 0.697523 0.60351 0.0899244 0.0340354
0 0.721862 0.957751 0.076819 0.0347738
2 0.864095 0.08787 0.0680401 0.040429
2 0.0777637 0.957012 0.0536752 0.0362979
2 0.250965 0.602468 0.0698221 0.0367972
2 0.102165 0.0901157 0.0534011 0.0437749
