2 0.799593 0.218306 0.155251 0.109921
2 0.37314 0.215907 0.156316 0.11588
9 0.470236 0.779696 0.909456 0.298364
2 0.586641 0.217185 0.150393 0.112678
2 0.159078 0.216438 0.146558 0.104093
8 0.47555 0.0874248 0.90294 0.0669404
3 0.47191 0.959007 0.0552376 0.0358725
7 0.225943 0.95841 0.0562997 0.0413794
0 0.72183 0.957798 0.0769074 0.0347323
2 0.472818 0.603196 0.102602 0.0335561
2 0.190514 0.460761 0.208516 0.039906
2 0.250269 0.603197 0.0946701 0.0340425
2 0.698177 0.60396 0.0854457 0.0380772
2 0.077857 0.956976 0.0540252 0.0372262
2 0.863566 0.0873224 0.0693236 0.0411872
2 0.481268 0.330471 0.218317 0.0398998
