0 0.105023 0.103964 0.0466765 0.0488467
2 0.125725 0.87092 0.0910312 0.0543822
2 0.244528 0.700734 0.324525 0.061049
2 0.289699 0.27371 0.403343 0.0627512
0 0.721591 0.958617 0.0486731 0.0448024
7 0.225003 0.957332 0.0491772 0.0355004
2 0.261264 0.616186 0.362022 0.0593736
2 0.276146 0.448756 0.38474 0.0697365
3 0.472188 0.958615 0.0596856 0.0336787
2 0.28148 0.360111 0.386566 0.0616426
2 0.235438 0.785771 0.307048 0.0567844
2 0.126862 0.784302 0.0856777 0.0472019
2 0.382545 0.187222 0.612722 0.0657111
4 0.861466 0.10708 0.0402523 0.0423271
2 0.128948 0.614993 0.0885737 0.0506232
2 0.772424 0.10603 0.0808051 0.0443465
2 0.486557 0.530858 0.66432 0.0644185
