7 0.225828 0.958643 0.0509935 0.0371246
5 0.350865 0.781105 0.695383 0.287369
2 0.480243 0.194976 0.234449 0.123753
3 0.472312 0.958659 0.0596626 0.029381
2 0.279498 0.545899 0.174726 0.0389758
1 0.529274 0.311571 0.732164 0.0375438
2 0.795816 0.817659 0.133585 0.0533949
2 0.110412 0.503119 0.0529932 0.0298937
0 0.721594 0.957914 0.0684505 0.0321525
2 0.713589 0.601986 0.079126 0.0382693
2 0.0784092 0.957337 0.0546805 0.0367526
2 0.796537 0.745127 0.13827 0.0481131
2 0.10957 0.310629 0.0554209 0.0401133
2 0.795896 0.900969 0.0938597 0.0412366
2 0.849065 0.409228 0.0693448 0.0279611
2 0.365846 0.673025 0.174246 0.0509215
2 0.526112 0.886847 0.0586869 0.044651
2 0.09638 0.670455 0.0911231 0.056454
2 0.794487 0.672407 0.130015 0.056973
