0 0.103617 0.102833 0.0496623 0.0529266
2 0.295314 0.899348 0.424476 0.0307235
7 0.224961 0.957525 0.0504921 0.0395701
2 0.86422 0.106364 0.079862 0.0467895
3 0.472499 0.959566 0.0606444 0.0285681
0 0.722957 0.958134 0.0557913 0.0438991
2 0.310993 0.83581 0.47381 0.0361511
2 0.199978 0.535824 0.238026 0.0320798
2 0.740544 0.450198 0.27126 0.0387411
2 0.192922 0.492229 0.233338 0.0319618
2 0.730443 0.493258 0.297386 0.0359791
2 0.70894 0.578467 0.336266 0.0347849
2 0.200666 0.451892 0.252265 0.0330647
2 0.255988 0.771589 0.372583 0.0385293
2 0.268877 0.706277 0.397029 0.0407104
