1 0.5107 0.398749 0.823939 0.054992
1 0.512867 0.207154 0.820366 0.0513497
2 0.227792 0.737528 0.257623 0.0503491
1 0.507652 0.593836 0.820893 0.0470674
2 0.903668 0.0839947 0.0619105 0.0329591
2 0.806022 0.084261 0.062973 0.0334548
2 0.285244 0.811851 0.378455 0.047486
2 0.465763 0.662037 0.729991 0.0490198
2 0.3152 0.206766 0.434874 0.0528798
0 0.243327 0.954438 0.0406058 0.0328584
0 0.117871 0.0833156 0.0539561 0.0294025
2 0.303716 0.276498 0.41476 0.0365063
7 0.742541 0.955754 0.0557888 0.028891
1 0.445231 0.961868 0.719315 0.0522894
2 0.255673 0.543675 0.304987 0.0287555
1 0.858376 0.204819 0.142139 0.0443105
2 0.288925 0.592193 0.376932 0.0306989
