2 0.300689 0.192782 0.406666 0.0530487
1 0.501631 0.782962 0.815901 0.046315
1 0.510069 0.588291 0.817516 0.0559177
1 0.510938 0.401546 0.817515 0.0499107
2 0.904476 0.0841516 0.0621667 0.0315366
2 0.305491 0.273258 0.414492 0.0564126
0 0.243631 0.95304 0.0553298 0.03026
2 0.457794 0.85206 0.717069 0.049234
2 0.806238 0.0837114 0.0614486 0.0316833
2 0.304028 0.471426 0.408535 0.0363562
0 0.117423 0.0833096 0.0539165 0.0295953
3 0.493406 0.953916 0.04994 0.0267259
2 0.311446 0.402508 0.425337 0.0518146
7 0.743057 0.956592 0.0618971 0.03006
2 0.309626 0.587887 0.419704 0.0534111
2 0.251977 0.734345 0.31458 0.0272687
8 0.570232 0.0809321 0.786099 0.0358492
2 0.176641 0.666155 0.159532 0.0565949
