2 0.844857 0.906521 0.0726324 0.054585
2 0.320639 0.904787 0.0951986 0.054856
2 0.143418 0.905442 0.0846184 0.0540828
2 0.668173 0.906696 0.154467 0.0565287
2 0.490345 0.905084 0.0907932 0.0453451
0 0.24149 0.955402 0.0729154 0.0325553
2 0.822965 0.0804741 0.0695266 0.0360868
7 0.745464 0.956082 0.0615243 0.0287164
3 0.491784 0.955019 0.0579442 0.0258845
4 0.910175 0.0795953 0.032108 0.0347854
2 0.720988 0.079876 0.0631702 0.0380965
0 0.117725 0.0785178 0.0556542 0.0312273
2 0.821922 0.404991 0.202242 0.0351153
1 0.528049 0.0838381 0.711276 0.0455246
