2 0.181956 0.533517 0.188129 0.0376891
2 0.220709 0.595169 0.255281 0.0402421
0 0.243845 0.951955 0.061593 0.0330166
2 0.865264 0.0838492 0.070899 0.0359925
0 0.115635 0.0827136 0.0576645 0.0326654
2 0.249575 0.406546 0.293485 0.0439482
3 0.492645 0.953484 0.0544426 0.0287658
2 0.217693 0.34251 0.231864 0.0414519
2 0.238463 0.278162 0.286769 0.0468268
2 0.266193 0.469826 0.338851 0.0415973
2 0.18676 0.145941 0.211866 0.044848
2 0.288838 0.660325 0.384289 0.0401672
7 0.74257 0.955631 0.0645252 0.0304965
2 0.23203 0.210212 0.287647 0.0451771
6 0.193349 0.72127 0.212065 0.0350279
2 0.192522 0.72194 0.212481 0.0367982
