0 0.242253 0.953834 0.0541847 0.035818
3 0.492446 0.954172 0.0457873 0.0314807
0 0.119043 0.0788659 0.0565958 0.0314108
2 0.202037 0.188905 0.232562 0.041357
7 0.742243 0.955267 0.050142 0.0299055
2 0.262915 0.244749 0.336599 0.0434109
2 0.365997 0.731167 0.564133 0.0580057
2 0.244039 0.354069 0.298185 0.0450556
2 0.508222 0.901095 0.815551 0.0621568
2 0.252376 0.300498 0.315988 0.0444405
2 0.303193 0.571057 0.418445 0.0435229
2 0.266528 0.677161 0.346083 0.0454712
2 0.285385 0.518082 0.385058 0.0484111
