2 0.107427 0.66563 0.0772736 0.0407324
9 0.490657 0.806736 0.901878 0.224882
8 0.498497 0.365905 0.707434 0.053275
7 0.741337 0.955693 0.0520359 0.0368559
3 0.492998 0.954068 0.0501008 0.0310623
2 0.239844 0.664863 0.0525618 0.0337369
2 0.886946 0.668433 0.0844778 0.043084
0 0.242452 0.952672 0.0525695 0.0322747
2 0.495977 0.667289 0.0530491 0.0287686
2 0.626707 0.667368 0.0610076 0.0345932
0 0.118494 0.0832474 0.0586663 0.0319121
2 0.754483 0.666477 0.084686 0.0456064
2 0.366387 0.667062 0.0672618 0.027366
8 0.484949 0.424283 0.744543 0.0806728
