2 0.283596 0.684828 0.365729 0.065524
2 0.305855 0.768112 0.41996 0.0490066
2 0.28058 0.256602 0.36947 0.0528845
2 0.256392 0.470487 0.316947 0.053152
2 0.256165 0.394185 0.311695 0.055374
2 0.257026 0.549222 0.31545 0.0539437
0 0.241653 0.951863 0.0470706 0.0359869
0 0.11668 0.0831158 0.0563333 0.0295554
3 0.493163 0.95395 0.0487247 0.0264353
2 0.904701 0.0831335 0.0669007 0.0319676
7 0.742384 0.955847 0.065715 0.0317291
2 0.273595 0.920638 0.361993 0.0431995
2 0.22552 0.619651 0.25162 0.0318472
2 0.34762 0.843772 0.504774 0.0516268
