6 0.276846 0.673948 0.210586 0.0317185
6 0.284401 0.289835 0.224658 0.0355838
6 0.303891 0.720465 0.264964 0.0322448
6 0.315604 0.625527 0.281626 0.0306973
6 0.295567 0.240387 0.249589 0.041322
6 0.282598 0.386632 0.217789 0.0333485
6 0.271356 0.578093 0.199518 0.0314768
6 0.28636 0.43553 0.222293 0.0313815
6 0.287343 0.338182 0.228008 0.0328153
6 0.295227 0.482697 0.243934 0.0321539
6 0.281148 0.530384 0.21315 0.0315875
6 0.284954 0.767101 0.232069 0.0313088
0 0.118311 0.0866685 0.047212 0.0317779
2 0.587273 0.814959 0.13841 0.0303123
3 0.49293 0.954254 0.0486185 0.0242746
0 0.242763 0.953635 0.0651667 0.0307523
7 0.742446 0.95519 0.0505246 0.025385
2 0.747556 0.815093 0.0941204 0.0272039
