2 0.397361 0.285998 0.152837 0.108122
2 0.394777 0.559547 0.173282 0.104778
2 0.391089 0.696617 0.177779 0.102537
2 0.591803 0.696422 0.17607 0.0987832
2 0.393325 0.424012 0.150762 0.103932
2 0.198437 0.564398 0.124617 0.0964771
2 0.193558 0.696385 0.14767 0.100232
2 0.601931 0.287525 0.188745 0.101694
2 0.589957 0.829992 0.151623 0.0988662
2 0.791757 0.561685 0.178692 0.102792
2 0.603311 0.160963 0.185716 0.0802004
2 0.801288 0.288832 0.173634 0.109278
2 0.402075 0.164806 0.138092 0.0723783
2 0.390779 0.826012 0.133385 0.0983893
2 0.197439 0.28708 0.182378 0.105577
2 0.59288 0.565861 0.154843 0.0964972
2 0.595406 0.424843 0.147209 0.102052
2 0.791063 0.831257 0.140413 0.101184
2 0.387694 0.946336 0.138791 0.0710413
2 0.808205 0.164727 0.114694 0.0781927
2 0.798943 0.698293 0.170844 0.0936042
2 0.193138 0.828223 0.117254 0.101907
2 0.193162 0.431182 0.121488 0.0993627
2 0.19453 0.16354 0.177351 0.072449
2 0.798224 0.427793 0.13441 0.107535
2 0.194371 0.945125 0.130442 0.0706342
4 0.870811 0.107357 0.0432286 0.046322
3 0.509185 0.0398307 0.103042 0.04782
