6 0.349546 0.472385 0.198245 0.0337177
1 0.49952 0.848472 0.802745 0.0381459
6 0.365158 0.326967 0.229197 0.0357896
6 0.34516 0.660915 0.192609 0.0316178
6 0.35415 0.276932 0.2127 0.0371735
6 0.368821 0.614159 0.236585 0.0313598
6 0.351725 0.375515 0.204362 0.0330505
6 0.35119 0.566504 0.2024 0.0309039
6 0.384469 0.423359 0.262938 0.033716
0 0.242401 0.953889 0.0538326 0.03175
6 0.349619 0.51897 0.196235 0.0311544
7 0.742492 0.956165 0.0608073 0.0309485
2 0.9041 0.0843771 0.0651126 0.0358033
3 0.493002 0.95439 0.0502706 0.0260162
1 0.84047 0.84878 0.134736 0.037628
1 0.512503 0.908198 0.790649 0.0395228
6 0.461364 0.710908 0.36297 0.0400635
