2 0.409578 0.205133 0.64018 0.0541082
2 0.389907 0.862497 0.116892 0.0831336
2 0.598268 0.863397 0.116782 0.0836548
2 0.806309 0.86829 0.129004 0.0875674
2 0.368057 0.62811 0.195276 0.0486874
2 0.180388 0.87422 0.175965 0.109679
2 0.397918 0.287883 0.618679 0.0570011
0 0.243367 0.953954 0.0565185 0.0294971
0 0.117481 0.0872561 0.045916 0.0296528
7 0.741498 0.955236 0.0518818 0.029842
2 0.597095 0.629084 0.256808 0.0450574
3 0.492853 0.955284 0.03685 0.0197946
2 0.376034 0.369993 0.578794 0.060941
