2 0.393048 0.630688 0.17264 0.103103
2 0.394865 0.497439 0.162152 0.0962228
2 0.807705 0.221146 0.17015 0.108401
2 0.592673 0.76558 0.147648 0.0960913
2 0.396198 0.362469 0.140551 0.0998982
2 0.594227 0.632397 0.162423 0.0980306
2 0.601777 0.223981 0.185206 0.101422
2 0.398755 0.220176 0.148655 0.108996
2 0.595967 0.498809 0.148234 0.0953332
2 0.589283 0.900888 0.136629 0.0993492
2 0.792401 0.887772 0.135674 0.0708039
2 0.190973 0.765043 0.131767 0.0981067
2 0.193174 0.360567 0.130869 0.0971756
2 0.391181 0.764346 0.133674 0.0974606
2 0.192742 0.633496 0.138845 0.0937811
2 0.192428 0.498553 0.131361 0.0970758
2 0.800769 0.635352 0.160116 0.100305
2 0.791341 0.769691 0.122678 0.0985758
2 0.385772 0.899256 0.166504 0.0990114
2 0.19414 0.220882 0.184957 0.106346
2 0.801319 0.363284 0.136257 0.100555
2 0.796744 0.498521 0.166366 0.0978682
8 0.506758 0.107383 0.865374 0.0631868
2 0.183915 0.902896 0.175671 0.106374
2 0.596308 0.361381 0.138524 0.101303
7 0.741031 0.956523 0.0491733 0.0236531
4 0.871085 0.108409 0.0673751 0.0448504
