2 0.214616 0.672306 0.245894 0.0345706
2 0.164129 0.459817 0.139931 0.0326176
2 0.266818 0.760286 0.352399 0.0346753
2 0.25756 0.805544 0.32856 0.0319359
0 0.242136 0.952191 0.0555642 0.0345903
2 0.185843 0.415424 0.179014 0.0339064
2 0.214083 0.369614 0.233725 0.0400989
2 0.26132 0.716023 0.337598 0.0327868
2 0.212066 0.852349 0.241388 0.0285068
2 0.244449 0.628447 0.302161 0.0325647
3 0.492545 0.953457 0.0476368 0.0271344
2 0.183016 0.550661 0.186107 0.0337649
2 0.213788 0.505734 0.233317 0.0344994
7 0.742373 0.955332 0.0558888 0.0296958
2 0.215398 0.278957 0.237897 0.0333792
