0 0.242988 0.953226 0.053802 0.0327463
2 0.904446 0.0841646 0.0605718 0.0339779
2 0.806742 0.0844001 0.0632026 0.0336161
8 0.499796 0.374484 0.853389 0.067355
0 0.117627 0.0830714 0.0600062 0.0323396
1 0.516294 0.211841 0.802991 0.0521708
3 0.493065 0.953857 0.0501463 0.0282379
8 0.518852 0.447005 0.811132 0.0652829
7 0.742808 0.955982 0.0537317 0.0308845
8 0.508533 0.592123 0.861843 0.0485602
2 0.480377 0.2893 0.714514 0.0607504
8 0.505623 0.515727 0.855273 0.0561704
8 0.494498 0.817872 0.827975 0.06474
2 0.342112 0.740185 0.4781 0.0569615
