2 0.799465 0.870003 0.207902 0.0951175
2 0.801302 0.766828 0.199679 0.0945719
2 0.809422 0.457767 0.198005 0.095396
2 0.804313 0.562905 0.196106 0.092057
2 0.394453 0.459926 0.191656 0.0999084
2 0.182376 0.366821 0.0755046 0.0454203
2 0.185803 0.458833 0.198838 0.102309
5 0.400281 0.638967 0.592134 0.453981
2 0.802694 0.663636 0.196601 0.0928533
0 0.243914 0.953444 0.0579338 0.0341113
3 0.492818 0.953877 0.0447513 0.0267244
2 0.600849 0.459305 0.193076 0.0991765
2 0.600319 0.870246 0.0914834 0.0475619
2 0.547859 0.364174 0.0528246 0.0291312
7 0.741786 0.955352 0.0615907 0.0271111
2 0.365603 0.371664 0.06271 0.039619
4 0.908861 0.084267 0.0370558 0.0357164
2 0.872266 0.369507 0.0651218 0.028836
2 0.735228 0.367687 0.0526243 0.0409917
