2 0.395809 0.382018 0.559035 0.0663576
2 0.391417 0.483918 0.550679 0.0594189
2 0.794152 0.0891012 0.0597306 0.0350408
2 0.395024 0.738291 0.560747 0.06121
2 0.330505 0.585455 0.430933 0.0595408
2 0.688676 0.0899632 0.0666022 0.0317118
2 0.402521 0.27622 0.577787 0.0651068
0 0.241357 0.954121 0.0572493 0.027991
3 0.492921 0.954552 0.0477528 0.0249262
2 0.154264 0.170034 0.175639 0.0810188
4 0.901048 0.0890515 0.029355 0.0382358
2 0.382969 0.838959 0.533842 0.0657072
0 0.117265 0.0864029 0.0475229 0.0283936
7 0.742037 0.955779 0.0446679 0.0262748
8 0.448087 0.146293 0.403592 0.0337393
8 0.418931 0.0902304 0.465604 0.0388553
