2 0.107271 0.665667 0.0773478 0.0410135
9 0.489792 0.806759 0.90327 0.225044
8 0.505246 0.354126 0.719088 0.0541133
7 0.741151 0.956051 0.0534043 0.0360693
3 0.493058 0.953893 0.0500281 0.0315832
2 0.239901 0.664852 0.0523349 0.0339215
2 0.887082 0.668248 0.0847705 0.043551
0 0.242955 0.952748 0.051937 0.0318963
2 0.495789 0.667242 0.0542612 0.0293021
2 0.62653 0.667302 0.0608407 0.0347153
0 0.118501 0.0833837 0.0573675 0.0313956
2 0.754677 0.666296 0.0681883 0.038524
2 0.36666 0.667094 0.0672046 0.0279465
