2 0.66657 0.89038 0.143692 0.0534423
2 0.494305 0.787397 0.200081 0.0979855
2 0.493739 0.890137 0.0798287 0.0483838
2 0.842936 0.892446 0.115422 0.0518225
2 0.320728 0.889563 0.097068 0.0499284
2 0.14741 0.878002 0.144322 0.0362832
6 0.825127 0.243 0.131481 0.0374288
0 0.242795 0.953188 0.0490851 0.0241937
3 0.493397 0.953603 0.0371514 0.0198556
7 0.741315 0.956046 0.046168 0.0232078
6 0.819638 0.389205 0.130709 0.041897
4 0.910055 0.0880688 0.042626 0.0375388
1 0.506478 0.386703 0.791317 0.0377354
