1 0.49922 0.638514 0.826574 0.060405
1 0.495678 0.461654 0.841362 0.060524
1 0.499635 0.187924 0.845809 0.0670165
1 0.497392 0.287689 0.832522 0.0734538
1 0.489694 0.548748 0.831703 0.061432
1 0.496893 0.79863 0.832651 0.0593207
1 0.492758 0.717872 0.832161 0.0492438
1 0.495204 0.377766 0.838743 0.0514796
1 0.488586 0.886234 0.824597 0.0549377
0 0.24321 0.953183 0.0550736 0.0308608
0 0.119007 0.0786097 0.0566573 0.029896
3 0.492955 0.954013 0.0476904 0.0261869
7 0.743263 0.955747 0.064481 0.0309897
