2 0.249302 0.657475 0.306383 0.0493864
2 0.226748 0.730627 0.268176 0.0445395
2 0.262358 0.419306 0.322683 0.0526551
2 0.228772 0.582429 0.257239 0.047886
0 0.244619 0.951607 0.0669519 0.0334729
1 0.486227 0.739814 0.792462 0.0534845
2 0.149046 0.899382 0.120057 0.0331818
2 0.262979 0.337003 0.333562 0.0611563
2 0.259379 0.497499 0.308025 0.0533203
3 0.49217 0.95398 0.0516446 0.027173
2 0.19223 0.815582 0.205504 0.0460782
1 0.481913 0.66272 0.803347 0.0513171
7 0.743362 0.955086 0.0644353 0.031856
1 0.49176 0.581971 0.786554 0.0473736
1 0.486293 0.821572 0.789707 0.0605147
2 0.839353 0.904946 0.0910613 0.0231442
2 0.144249 0.339236 0.0911819 0.0489436
