2 0.395656 0.593084 0.178012 0.101937
2 0.389528 0.864032 0.142022 0.101124
2 0.592193 0.730588 0.187803 0.0990308
2 0.190465 0.598159 0.181673 0.102292
2 0.400433 0.188236 0.17667 0.103065
2 0.599916 0.32549 0.170468 0.103562
2 0.396408 0.323066 0.178535 0.106947
2 0.794056 0.733635 0.142229 0.1023
2 0.39032 0.728281 0.147315 0.0972079
2 0.191163 0.730298 0.153983 0.102372
2 0.603661 0.186714 0.151133 0.105156
2 0.587683 0.864022 0.140393 0.0988141
2 0.197835 0.460982 0.121939 0.106709
2 0.195883 0.188789 0.127083 0.099658
2 0.802332 0.183214 0.176148 0.107572
2 0.19706 0.324804 0.151217 0.105979
2 0.594749 0.466951 0.160219 0.0980506
2 0.595867 0.599559 0.122465 0.0997052
2 0.394917 0.462928 0.134355 0.104051
2 0.187526 0.862068 0.167803 0.103269
2 0.786692 0.868352 0.132498 0.0925926
2 0.807197 0.326389 0.167451 0.102894
2 0.795781 0.46285 0.144959 0.103251
2 0.796094 0.597254 0.139392 0.106657
0 0.243947 0.952302 0.061475 0.0293746
3 0.491479 0.954341 0.062407 0.0274546
7 0.742571 0.954253 0.0581218 0.0291648
4 0.868568 0.106075 0.0340934 0.0410247
3 0.507776 0.0399128 0.10954 0.0498371
