2 0.39354 0.60747 0.145809 0.099787
2 0.391147 0.743346 0.14436 0.0992425
2 0.194465 0.60704 0.161752 0.10173
2 0.393048 0.475306 0.144353 0.100008
2 0.197755 0.19954 0.170793 0.106238
2 0.601532 0.339652 0.173846 0.0989638
2 0.806589 0.198146 0.178582 0.112044
2 0.388756 0.8765 0.166715 0.100549
2 0.592952 0.608741 0.186252 0.0965807
2 0.595863 0.472697 0.185513 0.101662
2 0.802081 0.340793 0.145246 0.10413
2 0.599626 0.199545 0.130631 0.105343
2 0.399806 0.201383 0.13622 0.101458
2 0.39528 0.338734 0.140992 0.0991174
2 0.192626 0.474878 0.168052 0.0997169
2 0.590936 0.741883 0.142341 0.100842
2 0.589731 0.877571 0.149663 0.0991726
2 0.795396 0.611049 0.178697 0.107125
2 0.196247 0.343681 0.139976 0.0977045
2 0.787823 0.877042 0.166553 0.100984
2 0.794457 0.744196 0.142708 0.103445
2 0.191374 0.875405 0.115837 0.103768
2 0.80105 0.47684 0.121661 0.107485
2 0.193562 0.746574 0.120145 0.098696
0 0.24518 0.95237 0.0512759 0.0261063
3 0.493149 0.954374 0.0529953 0.025853
7 0.741916 0.953848 0.0525123 0.0274465
8 0.492758 0.105488 0.753584 0.0633407
4 0.868549 0.106921 0.0333606 0.0427427
3 0.507615 0.0395854 0.108616 0.0492466
