2 0.107484 0.666376 0.0766076 0.0411862
9 0.491127 0.806201 0.899128 0.225791
7 0.740497 0.956107 0.0524381 0.036812
2 0.885439 0.668987 0.075376 0.0379578
3 0.492781 0.953905 0.0502037 0.0312605
2 0.238242 0.664548 0.0562437 0.032121
2 0.624935 0.66711 0.057893 0.0295941
2 0.495817 0.665977 0.0542541 0.0291978
0 0.242506 0.952502 0.0523845 0.0313895
2 0.75514 0.667252 0.0593077 0.0307718
4 0.902397 0.0877045 0.0354576 0.0323429
2 0.880329 0.622671 0.0531766 0.026197
2 0.367481 0.666167 0.0655095 0.0254314
2 0.111918 0.210284 0.0630431 0.0312375
0 0.119402 0.0864419 0.062004 0.0338014
