0 0.242535 0.953534 0.05304 0.0321973
6 0.272665 0.52113 0.230099 0.0330592
6 0.264531 0.473907 0.215204 0.0357266
6 0.277455 0.616626 0.243178 0.0314937
6 0.276683 0.569002 0.237457 0.0308032
6 0.287753 0.426408 0.261922 0.0370867
2 0.227986 0.811674 0.266459 0.0526713
2 0.270912 0.737794 0.347429 0.05819
2 0.904439 0.0845209 0.0623802 0.0330093
1 0.477675 0.892123 0.784969 0.0526397
3 0.492957 0.954397 0.0521731 0.0270517
7 0.743782 0.955735 0.0654752 0.0320047
2 0.805385 0.0843775 0.0572894 0.0316153
