2 0.396864 0.484171 0.561548 0.0605014
2 0.793748 0.0890706 0.0599948 0.0349534
2 0.396566 0.381278 0.56068 0.065153
2 0.326663 0.585565 0.425496 0.0588603
2 0.390309 0.737865 0.553101 0.0612661
2 0.688863 0.0898576 0.0676331 0.0321903
2 0.153592 0.169848 0.178969 0.0815881
3 0.492774 0.954653 0.0479257 0.0253636
2 0.404237 0.276044 0.576515 0.0638868
0 0.241281 0.954115 0.0568998 0.0276437
4 0.900883 0.0891192 0.0291173 0.0380547
0 0.11752 0.0864544 0.0482467 0.028679
7 0.74194 0.955822 0.0439192 0.0262296
2 0.316553 0.838731 0.400907 0.0654373
8 0.449223 0.146409 0.401912 0.0352261
8 0.416788 0.0904857 0.468979 0.0404
