2 0.843161 0.910251 0.106638 0.0503625
2 0.392473 0.366387 0.306461 0.0538114
2 0.783237 0.847688 0.0631344 0.048035
2 0.493031 0.906583 0.0927179 0.0444273
2 0.897105 0.0809171 0.0643224 0.0382785
2 0.318241 0.904609 0.101813 0.0524531
2 0.14581 0.907998 0.0807538 0.050571
2 0.667909 0.909469 0.0854389 0.0494736
2 0.422315 0.438844 0.368806 0.0533007
2 0.697573 0.0815461 0.0555095 0.0375177
2 0.798089 0.0810103 0.0610051 0.0351857
2 0.118923 0.0791359 0.0509291 0.0311853
0 0.243827 0.954721 0.0649922 0.029668
7 0.743725 0.957588 0.0628429 0.0290682
3 0.492408 0.955085 0.0504798 0.0261037
2 0.421349 0.146827 0.211737 0.0582618
2 0.882563 0.85052 0.0516873 0.0344943
2 0.363283 0.506773 0.251049 0.0592203
2 0.135666 0.224335 0.0720257 0.0423699
4 0.836164 0.289692 0.0336472 0.0365476
