2 0.122109 0.893619 0.120561 0.0671388
2 0.251974 0.895096 0.117844 0.0665781
2 0.400519 0.672967 0.165702 0.0617074
2 0.773828 0.896482 0.122477 0.0655699
2 0.88071 0.900579 0.0552589 0.0363788
2 0.586468 0.674285 0.173184 0.0627612
0 0.241464 0.953519 0.050021 0.0278506
3 0.493191 0.954414 0.0467259 0.0216205
2 0.511261 0.895624 0.121744 0.0661185
2 0.815737 0.084975 0.0711562 0.03624
2 0.381503 0.894426 0.123729 0.0684109
7 0.742345 0.956291 0.0558224 0.0267527
4 0.910978 0.0841206 0.0426071 0.0340995
2 0.706356 0.0860703 0.0635057 0.0394101
0 0.117746 0.0830297 0.0655363 0.0343146
2 0.485253 0.778072 0.790298 0.130902
7 0.622998 0.460032 0.0336618 0.0247373
2 0.226812 0.413093 0.170252 0.123756
