2 0.497247 0.51679 0.161481 0.0908574
2 0.498203 0.744936 0.250952 0.0989833
2 0.500671 0.630251 0.248839 0.0973355
2 0.214203 0.629842 0.24768 0.0970934
2 0.209363 0.743327 0.115175 0.0931036
2 0.788145 0.400508 0.118112 0.0959882
2 0.213618 0.399753 0.23919 0.101692
2 0.211586 0.513596 0.121794 0.0933719
0 0.242312 0.954342 0.0575366 0.0333094
3 0.492506 0.954135 0.0523703 0.0286198
7 0.741687 0.956066 0.0485636 0.0282266
2 0.505449 0.399623 0.27316 0.103508
2 0.788434 0.517389 0.271458 0.110224
2 0.796067 0.283755 0.2337 0.101719
2 0.791606 0.632414 0.26956 0.101726
