2 0.226462 0.78407 0.248307 0.0421478
2 0.243407 0.902912 0.289096 0.0428178
2 0.289433 0.667618 0.377368 0.04591
2 0.289846 0.195907 0.371555 0.0441358
2 0.29029 0.842064 0.381404 0.0425183
2 0.262805 0.317148 0.315122 0.045898
2 0.219902 0.726456 0.234231 0.0429111
2 0.219082 0.375835 0.222657 0.043015
2 0.281963 0.550411 0.352403 0.0448189
2 0.32964 0.255097 0.453468 0.0474423
2 0.256363 0.435665 0.298973 0.0433675
0 0.2427 0.953022 0.0517394 0.0294166
0 0.117653 0.083164 0.0585071 0.0307006
2 0.223746 0.495202 0.231133 0.0414662
2 0.362688 0.608388 0.522253 0.0435117
2 0.276275 0.13715 0.356879 0.0429985
3 0.493358 0.953584 0.0545061 0.0278992
7 0.742695 0.955522 0.0686862 0.033492
4 0.911413 0.0835792 0.0353144 0.0325906
2 0.137702 0.902827 0.0642969 0.0407849
