2 0.214363 0.146779 0.185439 0.0991824
2 0.265692 0.906448 0.0733983 0.0363902
2 0.6605 0.909683 0.0526196 0.0325869
2 0.804404 0.656273 0.142534 0.0795163
2 0.751854 0.307966 0.275032 0.0629696
2 0.252333 0.858324 0.123423 0.0486584
2 0.743387 0.564371 0.269224 0.0602942
0 0.241715 0.953772 0.0627148 0.0305574
7 0.742961 0.956456 0.0636704 0.0303072
2 0.473651 0.873028 0.180763 0.104379
3 0.493774 0.953803 0.0620164 0.0244908
2 0.241721 0.953889 0.0625154 0.0309217
2 0.674129 0.74086 0.413103 0.058436
2 0.409173 0.410662 0.189236 0.10039
2 0.20465 0.41027 0.205452 0.101984
