9 0.494287 0.803445 0.898601 0.233643
7 0.741008 0.956149 0.0526187 0.036492
3 0.49345 0.953843 0.050302 0.0321561
2 0.887507 0.669286 0.0773275 0.0397674
2 0.864435 0.621805 0.0601163 0.0287591
0 0.24266 0.952556 0.0525431 0.0310437
2 0.880774 0.0837997 0.0635024 0.0310253
2 0.251477 0.56815 0.280451 0.0476933
2 0.231209 0.252661 0.249817 0.0352687
2 0.224474 0.305295 0.238107 0.0350046
2 0.224502 0.465482 0.236508 0.0474465
2 0.253243 0.51741 0.289353 0.0320136
2 0.218641 0.410932 0.22494 0.031471
6 0.223739 0.30518 0.226114 0.0381387
6 0.215616 0.411495 0.213091 0.0331348
