1 0.503714 0.715678 0.81975 0.0576396
1 0.511526 0.52818 0.822639 0.0478697
1 0.507401 0.202466 0.832471 0.0496616
1 0.511578 0.908315 0.804332 0.0408293
2 0.903893 0.0838748 0.0619798 0.0325471
0 0.24314 0.953047 0.0520828 0.0330905
2 0.806066 0.0840631 0.0629641 0.0330893
2 0.298659 0.324533 0.401101 0.0510836
2 0.299883 0.403015 0.407167 0.0557644
7 0.742455 0.95615 0.056498 0.0291016
3 0.49372 0.953981 0.0503154 0.0265457
2 0.302437 0.595557 0.404928 0.0323129
2 0.307481 0.714615 0.420789 0.0536799
0 0.117541 0.0837804 0.0531724 0.0295551
