1 0.495377 0.83303 0.834393 0.0605127
1 0.498404 0.299498 0.831766 0.0631818
1 0.495746 0.207835 0.833273 0.0645663
1 0.491962 0.568118 0.833436 0.0622379
1 0.49373 0.479493 0.840079 0.0612192
1 0.494772 0.388691 0.83069 0.0583388
1 0.492183 0.916568 0.823889 0.0459211
1 0.492605 0.754223 0.836144 0.0488399
1 0.497174 0.663429 0.822239 0.0691986
0 0.241865 0.953678 0.0504811 0.0306736
0 0.119579 0.0787803 0.057686 0.0297564
3 0.492867 0.954323 0.0532262 0.0256104
7 0.743617 0.95621 0.0641051 0.0301267
