2 0.844636 0.90669 0.0711193 0.0552889
2 0.320827 0.904737 0.0957059 0.0533481
2 0.494925 0.676618 0.208703 0.0533753
2 0.48985 0.905243 0.0947815 0.0463844
2 0.668369 0.905882 0.153317 0.0567243
2 0.143267 0.904723 0.0876752 0.0549298
0 0.241847 0.95547 0.072354 0.0318745
2 0.824108 0.080283 0.0703605 0.0328917
7 0.745195 0.956236 0.0615147 0.0286523
3 0.49229 0.955109 0.059747 0.024931
0 0.119053 0.0784788 0.0552565 0.0297825
2 0.149821 0.194339 0.0769023 0.0442744
2 0.72119 0.0790401 0.0679031 0.0343249
2 0.595369 0.195924 0.108451 0.0423763
4 0.910579 0.0795247 0.0331106 0.0336535
2 0.286328 0.193481 0.153226 0.0388385
