6 0.326487 0.752922 0.30698 0.0321344
6 0.262161 0.656982 0.180219 0.0312772
6 0.305905 0.273822 0.263882 0.0338342
6 0.283437 0.224925 0.225308 0.0363092
6 0.323733 0.515092 0.294214 0.030579
6 0.29169 0.321555 0.235858 0.0340681
6 0.279972 0.370566 0.210095 0.0324139
6 0.319402 0.418986 0.287324 0.0302737
6 0.287964 0.70434 0.23061 0.0336273
6 0.296004 0.609412 0.243908 0.0315512
6 0.289653 0.467054 0.228982 0.0323407
6 0.295346 0.561908 0.23972 0.0320992
3 0.492813 0.954491 0.047769 0.0239661
0 0.118079 0.0865813 0.0472765 0.0308405
0 0.243119 0.953746 0.063821 0.030642
7 0.742255 0.955136 0.0508966 0.0254197
2 0.74545 0.815021 0.0987217 0.0261756
2 0.586576 0.815171 0.13833 0.0300744
