2 0.195115 0.564202 0.204944 0.0503566
2 0.261207 0.641834 0.324623 0.0524379
2 0.249535 0.403823 0.302036 0.0535915
2 0.267564 0.158449 0.338999 0.0569074
2 0.229733 0.326431 0.266086 0.0481267
2 0.19199 0.72231 0.196815 0.0519986
0 0.243877 0.951637 0.0590613 0.0323553
2 0.1502 0.901437 0.120237 0.028681
7 0.741783 0.954731 0.0642367 0.0348111
2 0.240472 0.479421 0.285277 0.0462021
3 0.493304 0.953013 0.0642394 0.0309801
2 0.144011 0.404563 0.08959 0.0485716
2 0.259272 0.0773774 0.353017 0.0494171
1 0.501164 0.721372 0.755491 0.0396266
1 0.487588 0.565542 0.798832 0.0472896
1 0.493857 0.64476 0.780731 0.0509683
2 0.839843 0.904217 0.0992626 0.0290514
1 0.502432 0.243783 0.778062 0.0541473
6 0.492692 0.158927 0.812791 0.0605019
2 0.263286 0.243124 0.313848 0.0515753
1 0.506445 0.160356 0.781943 0.052632
