2 0.494775 0.859848 0.1602 0.0871523
2 0.495476 0.776461 0.174962 0.0405948
2 0.71256 0.857888 0.114194 0.0611264
2 0.27616 0.857248 0.113039 0.0593593
2 0.68602 0.778738 0.12667 0.0258099
2 0.866506 0.0953942 0.0676969 0.0379488
2 0.319272 0.777111 0.100693 0.0238986
2 0.137729 0.776056 0.119628 0.0255639
3 0.492731 0.95363 0.0434804 0.0230904
2 0.849903 0.779418 0.0661371 0.0230429
0 0.24399 0.95243 0.0585345 0.0298813
1 0.496575 0.0342428 0.878453 0.0532457
7 0.74173 0.954929 0.0500884 0.0245133
