2 0.407804 0.204238 0.64511 0.055622
2 0.400708 0.287874 0.629734 0.0519913
2 0.325365 0.801955 0.479524 0.0542041
2 0.398343 0.367584 0.623258 0.0505025
2 0.383172 0.883033 0.60132 0.0550792
2 0.226005 0.564478 0.27575 0.0508766
2 0.355515 0.725201 0.542888 0.0518799
0 0.242252 0.954126 0.0614598 0.0297226
3 0.492915 0.954576 0.0486253 0.0241641
0 0.117629 0.0874337 0.0455598 0.0287293
2 0.400127 0.645003 0.617778 0.0529683
7 0.741522 0.956025 0.0606536 0.0280467
2 0.180551 0.445658 0.177046 0.0552733
