2 0.286937 0.501456 0.371453 0.0625422
2 0.259478 0.284248 0.323477 0.0573756
2 0.308992 0.58634 0.424427 0.0499957
2 0.276223 0.740276 0.359205 0.0487775
2 0.347426 0.661933 0.499708 0.0496057
2 0.184715 0.816286 0.172226 0.048252
0 0.243067 0.952643 0.0506028 0.028374
2 0.26071 0.362861 0.323516 0.0543347
2 0.253219 0.203903 0.311755 0.0579014
2 0.233995 0.893689 0.275626 0.0525248
0 0.117528 0.0831475 0.055418 0.0298457
3 0.493193 0.953983 0.0537332 0.0275433
2 0.227536 0.43586 0.253615 0.0308551
2 0.904392 0.0828694 0.0674039 0.0322811
7 0.742235 0.955307 0.0703325 0.0364151
