9 0.494454 0.808257 0.896762 0.225121
6 0.267149 0.473821 0.352786 0.0327059
2 0.886441 0.668733 0.0783945 0.0421167
6 0.197548 0.23077 0.217172 0.0376541
6 0.260325 0.377735 0.338726 0.0316184
7 0.740591 0.956016 0.0530032 0.0364157
6 0.2255 0.522014 0.266069 0.0343922
6 0.253086 0.279403 0.325895 0.0326927
2 0.755724 0.668152 0.0585303 0.0335684
3 0.492792 0.953754 0.0505823 0.0304578
0 0.118678 0.0788978 0.0584518 0.0326075
2 0.207998 0.615742 0.241984 0.0325238
0 0.242488 0.952552 0.0520133 0.031676
6 0.171745 0.424957 0.16788 0.0312657
2 0.625747 0.668459 0.0577665 0.0293872
2 0.904588 0.0787749 0.0567052 0.0322039
6 0.263337 0.180594 0.354053 0.0397341
6 0.20648 0.615363 0.24059 0.0364075
6 0.197321 0.3289 0.214907 0.0347884
2 0.867411 0.612596 0.060716 0.0374525
