6 0.352578 0.540384 0.205042 0.0300476
6 0.410689 0.493375 0.312387 0.0312911
6 0.349423 0.445629 0.195026 0.0324128
6 0.368619 0.588394 0.233613 0.0310082
6 0.354487 0.300068 0.215559 0.0382328
6 0.364127 0.636729 0.227291 0.0303467
6 0.388823 0.39753 0.273469 0.0317884
6 0.387296 0.348957 0.275228 0.0328034
0 0.241802 0.953256 0.0592317 0.0342596
6 0.422773 0.685567 0.330404 0.033367
2 0.699917 0.737881 0.0747232 0.026701
2 0.904207 0.0843561 0.0659346 0.0353261
8 0.457736 0.131062 0.52795 0.0332483
3 0.492364 0.954451 0.0536387 0.0284814
7 0.743352 0.955559 0.0704102 0.0346203
