2 0.600599 0.338679 0.162569 0.098609
2 0.393624 0.609221 0.142566 0.096026
2 0.196213 0.474794 0.169499 0.100483
2 0.391786 0.743461 0.137442 0.0957195
2 0.389171 0.875931 0.154812 0.100349
2 0.190698 0.743214 0.128445 0.0960575
2 0.594674 0.476683 0.185174 0.0976598
2 0.591984 0.612147 0.180217 0.0958252
2 0.591055 0.878031 0.142941 0.0966578
2 0.791981 0.744872 0.130879 0.0982559
2 0.590777 0.743373 0.132313 0.096906
2 0.603819 0.200158 0.132747 0.104265
2 0.794491 0.609448 0.166695 0.104357
2 0.400544 0.199308 0.135182 0.101542
2 0.802786 0.340296 0.136986 0.103423
2 0.395141 0.475843 0.135445 0.0991103
2 0.797095 0.476052 0.133873 0.0975027
2 0.190589 0.878968 0.128727 0.101188
2 0.395224 0.338471 0.138186 0.100667
2 0.199222 0.196851 0.174112 0.104963
2 0.788537 0.878492 0.163192 0.0981105
2 0.195779 0.609336 0.165365 0.105945
2 0.810574 0.198677 0.179938 0.105552
2 0.195472 0.339418 0.141823 0.10135
0 0.244852 0.954058 0.0533928 0.0310184
8 0.502149 0.106354 0.861239 0.0577668
7 0.74056 0.953692 0.0435349 0.0238303
3 0.492128 0.953593 0.0389447 0.0234158
4 0.870261 0.108351 0.0630744 0.0442226
