2 0.395401 0.642556 0.179645 0.102741
2 0.792432 0.782596 0.141528 0.100747
2 0.590885 0.780415 0.1932 0.0997963
2 0.598855 0.377007 0.1737 0.101573
2 0.401094 0.238248 0.174443 0.109687
2 0.39108 0.77889 0.148832 0.0979705
2 0.192265 0.645063 0.176313 0.102584
2 0.801827 0.233872 0.171727 0.113287
2 0.395471 0.377052 0.177472 0.105266
2 0.600053 0.238495 0.161953 0.107576
2 0.189428 0.779993 0.152628 0.100974
2 0.196781 0.377786 0.150594 0.103824
2 0.388969 0.910328 0.136841 0.0934468
2 0.198395 0.23712 0.130871 0.109404
2 0.789578 0.898221 0.0969371 0.0542758
2 0.196026 0.511005 0.123416 0.106231
2 0.592754 0.517116 0.1603 0.100229
2 0.595283 0.649049 0.12144 0.101722
2 0.39425 0.51434 0.135707 0.0989036
2 0.794676 0.516336 0.13991 0.101266
2 0.8059 0.379586 0.165393 0.096206
2 0.793014 0.647301 0.136385 0.108524
2 0.189984 0.896899 0.137954 0.0700869
2 0.588437 0.900646 0.123435 0.0664047
3 0.506972 0.0404708 0.113207 0.0506826
4 0.869324 0.106406 0.0374808 0.0444471
