2 0.904232 0.0840798 0.0607514 0.0340985
0 0.242924 0.953255 0.0529828 0.0320488
2 0.806004 0.0845115 0.0632905 0.033763
8 0.511293 0.741796 0.824643 0.0652948
8 0.504086 0.369485 0.836735 0.0543227
0 0.117227 0.0835 0.0587663 0.0318882
3 0.49292 0.954106 0.0510038 0.0284348
1 0.555748 0.211197 0.735666 0.0525884
7 0.74304 0.955844 0.0605657 0.0336939
2 0.342582 0.666476 0.47423 0.0385272
8 0.522343 0.443583 0.812907 0.0544983
8 0.526687 0.59388 0.796482 0.0580171
8 0.52201 0.666237 0.802105 0.0641647
2 0.481173 0.289771 0.714298 0.0614696
