2 0.492782 0.856243 0.160549 0.0840027
2 0.275691 0.856022 0.105808 0.058349
2 0.493315 0.774362 0.176244 0.0452282
2 0.508494 0.0946821 0.0774797 0.0408231
2 0.329959 0.0949257 0.0723916 0.0394624
2 0.865065 0.094253 0.0691627 0.0406724
0 0.242499 0.953243 0.0630963 0.0320336
2 0.148302 0.0924968 0.0705156 0.0435582
3 0.493454 0.954002 0.0657394 0.0264359
2 0.852372 0.779198 0.118245 0.0243094
2 0.684238 0.0942134 0.0752346 0.0386767
2 0.667974 0.776283 0.11002 0.0299015
7 0.742354 0.955544 0.0542605 0.027041
