2 0.144456 0.905912 0.0765105 0.0517103
2 0.84506 0.908749 0.0676255 0.0531467
2 0.320311 0.906122 0.0909837 0.049566
2 0.492339 0.90626 0.083261 0.0417474
2 0.80704 0.0796539 0.0592084 0.0358042
0 0.242358 0.954821 0.0615386 0.0298807
2 0.906436 0.0796852 0.0714919 0.0340823
7 0.743324 0.956547 0.056807 0.028383
3 0.493187 0.954412 0.0528695 0.0252362
2 0.698596 0.447036 0.390671 0.0488778
2 0.70443 0.0791307 0.0707195 0.0363238
2 0.665936 0.909822 0.0600184 0.0571297
2 0.85836 0.250171 0.0678773 0.0457068
2 0.30221 0.448497 0.393187 0.0527622
2 0.505817 0.184151 0.17334 0.0727134
