1 0.495312 0.588255 0.835713 0.0619096
1 0.499971 0.764349 0.826828 0.0591287
1 0.491222 0.678229 0.832791 0.0626969
1 0.489354 0.50511 0.839076 0.0515985
1 0.492723 0.844517 0.831637 0.0502545
1 0.495812 0.320116 0.848063 0.0648865
1 0.49658 0.416609 0.817612 0.0710954
1 0.50122 0.226692 0.842517 0.0655295
0 0.242441 0.953697 0.0483938 0.0301545
1 0.495144 0.922371 0.824358 0.0518793
1 0.503559 0.132533 0.846895 0.0515454
0 0.120509 0.078715 0.0562021 0.0307055
3 0.492765 0.954187 0.0475531 0.0241234
7 0.743391 0.956035 0.0552862 0.0263852
