9 0.49139 0.806336 0.89863 0.226421
2 0.106337 0.667412 0.0779029 0.0446242
7 0.740892 0.95663 0.0526025 0.036275
2 0.886571 0.669435 0.0772058 0.0386429
3 0.492908 0.953787 0.0500816 0.0322861
2 0.495642 0.666397 0.0511531 0.028855
2 0.625353 0.667103 0.05366 0.0294968
0 0.117286 0.0870632 0.0494973 0.0303827
2 0.755072 0.667825 0.0637777 0.0337018
0 0.242794 0.952588 0.0520338 0.0308159
2 0.621015 0.171196 0.231947 0.0320043
2 0.398519 0.169354 0.137243 0.0277432
8 0.522989 0.0882663 0.680519 0.0311252
2 0.239255 0.666478 0.0569337 0.0326621
2 0.367271 0.666761 0.0634471 0.0230774
2 0.212542 0.170339 0.172702 0.0321346
2 0.191461 0.327876 0.207987 0.0345821
2 0.19136 0.262501 0.210816 0.031563
