2 0.500909 0.630579 0.25904 0.101473
2 0.501974 0.515366 0.24818 0.0977661
2 0.210785 0.630149 0.260587 0.100841
2 0.788773 0.399628 0.159043 0.102411
2 0.207655 0.516395 0.273208 0.102589
2 0.491317 0.858547 0.120721 0.0824887
2 0.207583 0.858479 0.246663 0.096871
2 0.210713 0.399878 0.237564 0.103851
3 0.492582 0.954334 0.0486462 0.0285785
0 0.242956 0.954507 0.0588392 0.0369368
7 0.741817 0.955824 0.0528958 0.0300757
2 0.790046 0.633312 0.246241 0.100673
2 0.504626 0.399065 0.26948 0.0996355
2 0.789025 0.518841 0.250323 0.102801
2 0.78446 0.745991 0.236537 0.0994724
2 0.500307 0.740253 0.263105 0.0955581
2 0.215423 0.743474 0.232061 0.105165
2 0.795961 0.283776 0.237217 0.103992
2 0.79492 0.870423 0.152021 0.123725
