6 0.506769 0.482262 0.796532 0.0454371
6 0.507604 0.418987 0.79892 0.0456249
6 0.506343 0.544291 0.793095 0.0450366
6 0.509379 0.3554 0.799062 0.0476282
6 0.507621 0.607274 0.786929 0.0460007
3 0.506979 0.974845 0.0588293 0.0283613
6 0.510695 0.669895 0.779646 0.0458806
6 0.513152 0.289931 0.797729 0.0475403
6 0.509575 0.732601 0.777354 0.0453797
6 0.516667 0.225078 0.799041 0.0490275
7 0.289633 0.974579 0.0707989 0.0336667
0 0.13201 0.100609 0.0598229 0.0331083
0 0.725195 0.97589 0.0687887 0.0324891
6 0.507138 0.794618 0.777545 0.0432387
6 0.519951 0.161343 0.799579 0.0459401
6 0.505139 0.857628 0.774608 0.0433174
6 0.503497 0.919526 0.769528 0.0345655
