9 0.50418 0.81986 0.932746 0.237551
2 0.680096 0.538653 0.161993 0.0920759
2 0.51073 0.538481 0.133883 0.0895649
2 0.166318 0.538517 0.157285 0.0906046
2 0.333719 0.368042 0.133881 0.0904931
2 0.16167 0.366021 0.134315 0.0933891
2 0.340079 0.538275 0.162202 0.0887223
2 0.852989 0.540677 0.125733 0.0907862
2 0.161683 0.227879 0.164138 0.101837
2 0.904283 0.670663 0.0891387 0.0429995
3 0.506439 0.97457 0.0583525 0.0354199
2 0.112727 0.668351 0.0967516 0.0519132
7 0.28929 0.974812 0.0634867 0.0364308
2 0.505695 0.669318 0.0710354 0.034343
0 0.723734 0.976272 0.0704094 0.0407024
2 0.273702 0.67054 0.0724671 0.0336528
2 0.649431 0.102791 0.0592858 0.0321126
2 0.738777 0.669813 0.0866221 0.0365601
8 0.421989 0.104705 0.656091 0.0466384
2 0.893284 0.106619 0.113359 0.0681396
