2 0.496545 0.890555 0.145615 0.0865838
2 0.503283 0.304963 0.134927 0.0922779
2 0.498742 0.774182 0.130821 0.0880817
2 0.847453 0.186143 0.162291 0.0886286
2 0.331955 0.891195 0.130718 0.0899905
2 0.673164 0.184072 0.153038 0.0903056
2 0.332416 0.77594 0.137899 0.0826721
2 0.166866 0.776077 0.131694 0.0872088
2 0.500528 0.543599 0.130587 0.0878553
2 0.664536 0.66118 0.148925 0.0869021
2 0.667343 0.544999 0.147089 0.0867052
2 0.831426 0.664134 0.155062 0.0837858
2 0.335171 0.424809 0.135345 0.0861729
2 0.49921 0.6604 0.140895 0.08489
2 0.33464 0.307129 0.133444 0.0837339
2 0.840007 0.30374 0.1342 0.089461
2 0.829887 0.896266 0.141489 0.0849358
2 0.168384 0.310625 0.134863 0.082511
2 0.676086 0.303545 0.16099 0.0933895
2 0.168909 0.181273 0.155744 0.096741
2 0.827579 0.77636 0.133346 0.0859447
2 0.836338 0.433239 0.157362 0.084249
2 0.335979 0.18247 0.128996 0.0922307
2 0.505746 0.184197 0.130089 0.0906111
2 0.167502 0.424809 0.130323 0.0880611
2 0.661271 0.896026 0.120176 0.0824022
2 0.333788 0.662269 0.116444 0.0818881
2 0.164749 0.890555 0.150904 0.0923386
2 0.166563 0.659268 0.156265 0.0875094
2 0.335098 0.547704 0.132417 0.0765095
2 0.668883 0.429968 0.117138 0.0824674
2 0.168289 0.543581 0.153528 0.0863181
2 0.663522 0.779317 0.128626 0.0803335
3 0.509212 0.974828 0.0560266 0.0284638
7 0.291886 0.973451 0.0698585 0.0323633
2 0.502446 0.429937 0.0989 0.0821969
2 0.892271 0.106231 0.100005 0.058357
2 0.839429 0.545705 0.113748 0.0909164
8 0.491704 0.0979492 0.796557 0.0545546
0 0.724701 0.976049 0.0627136 0.0316907
