9 0.499076 0.788381 0.9177 0.291247
2 0.311756 0.285589 0.3441 0.0472727
2 0.352291 0.222543 0.424768 0.0481453
2 0.32055 0.348598 0.35989 0.0456983
2 0.502098 0.612774 0.119299 0.0344589
2 0.274389 0.610566 0.0683229 0.0352603
2 0.73265 0.6149 0.117706 0.0355126
3 0.491884 0.973159 0.0633841 0.0363822
7 0.241775 0.972139 0.0640093 0.0451893
2 0.377647 0.159228 0.484281 0.0431325
2 0.888849 0.977276 0.0693131 0.033615
0 0.132252 0.0835965 0.0775413 0.0465904
2 0.258951 0.409638 0.251987 0.0429367
0 0.104208 0.60918 0.0655345 0.0418004
2 0.886853 0.0880888 0.0663884 0.0408245
0 0.746067 0.974332 0.0835458 0.037108
4 0.904203 0.615056 0.0827903 0.030231
2 0.170752 0.3457 0.0638701 0.0333757
