2 0.24807 0.622735 0.170489 0.0890243
2 0.253737 0.388698 0.160887 0.0718459
2 0.78929 0.272539 0.211611 0.089808
2 0.520311 0.284228 0.219155 0.0890471
2 0.783289 0.392627 0.210151 0.0753232
2 0.774933 0.512561 0.180951 0.0723928
7 0.240294 0.968547 0.072281 0.0356522
2 0.246928 0.508747 0.244231 0.0763053
2 0.737875 0.178861 0.381362 0.0674112
2 0.51428 0.512145 0.229429 0.0706528
2 0.29631 0.175988 0.396598 0.0688743
2 0.516851 0.392415 0.117094 0.0696615
2 0.25645 0.269259 0.119887 0.0780382
2 0.858221 0.761004 0.0784941 0.0438483
2 0.496544 0.757814 0.177962 0.042021
3 0.491966 0.972213 0.073092 0.0355827
2 0.306222 0.755504 0.0989961 0.0234706
2 0.156457 0.754308 0.0974849 0.0295404
0 0.748936 0.974916 0.0550324 0.0380621
