5 0.375532 0.795145 0.716535 0.298236
2 0.520348 0.188719 0.213582 0.11161
2 0.130002 0.608018 0.0845237 0.0461126
2 0.309835 0.549756 0.225182 0.0412176
2 0.289354 0.609428 0.0844324 0.0460779
3 0.491839 0.973131 0.0640988 0.0302379
2 0.44841 0.611397 0.0851336 0.0466935
2 0.608581 0.612739 0.0830972 0.0458853
2 0.768391 0.613521 0.0875643 0.0476996
2 0.833104 0.758725 0.18511 0.0438303
2 0.830842 0.831723 0.139615 0.0566527
2 0.143217 0.295645 0.0597668 0.0407696
7 0.239361 0.971548 0.0558652 0.0407285
2 0.550713 0.899947 0.0571154 0.042662
2 0.139252 0.485052 0.0548252 0.0332241
2 0.705272 0.552953 0.174037 0.0411392
2 0.890929 0.977192 0.0747986 0.0377304
2 0.831398 0.91387 0.0865596 0.0410362
2 0.887565 0.400602 0.0709873 0.0264412
2 0.830829 0.685732 0.144509 0.0565923
0 0.746509 0.973736 0.0711989 0.0353714
1 0.568927 0.29904 0.731527 0.0425624
8 0.504586 0.423264 0.6181 0.0394657
