9 0.497798 0.789866 0.916335 0.291698
2 0.332963 0.364342 0.246193 0.0742799
2 0.448634 0.610937 0.0861338 0.0454875
2 0.130032 0.608152 0.0837537 0.0477247
2 0.608155 0.612242 0.0839362 0.0442123
2 0.140702 0.446651 0.0566315 0.0330702
2 0.768564 0.613182 0.0867764 0.0461702
7 0.239604 0.972654 0.0547974 0.0401614
2 0.889499 0.977477 0.0672744 0.0329277
2 0.289611 0.608865 0.0860534 0.0464978
2 0.311786 0.549858 0.22282 0.0353792
2 0.701865 0.553729 0.160931 0.0334831
3 0.49154 0.973303 0.0647641 0.0358012
2 0.508082 0.153228 0.799835 0.0419251
2 0.747343 0.975343 0.0652658 0.0324987
4 0.903994 0.614368 0.0859592 0.0291162
