5 0.375727 0.79603 0.717313 0.296267
2 0.130428 0.608329 0.085655 0.0466062
2 0.608637 0.612942 0.0853659 0.0468663
2 0.448463 0.611622 0.086405 0.046801
2 0.768663 0.613531 0.0887879 0.0487272
2 0.240885 0.397571 0.267283 0.0450086
3 0.491848 0.973142 0.064027 0.0301874
2 0.289067 0.609292 0.0868079 0.046393
2 0.833338 0.758576 0.185744 0.044256
2 0.831089 0.831712 0.140287 0.056526
7 0.239498 0.971498 0.0556652 0.0409793
2 0.256532 0.482181 0.303404 0.0539984
2 0.550577 0.899885 0.0569326 0.0425131
2 0.317899 0.226642 0.226732 0.0699867
2 0.703672 0.553485 0.160142 0.0351881
2 0.306618 0.552246 0.227319 0.0367481
2 0.890806 0.977206 0.0745195 0.0375226
2 0.831779 0.913827 0.0866414 0.0408871
2 0.143953 0.311823 0.0556039 0.0334068
2 0.309578 0.119386 0.257923 0.0748569
2 0.829629 0.686184 0.141424 0.0566428
0 0.746639 0.973819 0.0708452 0.0351598
2 0.560575 0.314469 0.659612 0.0320766
2 0.145085 0.0984752 0.0745615 0.0411102
