2 0.494659 0.856301 0.178651 0.0932898
2 0.755385 0.864018 0.133025 0.0692841
2 0.497657 0.757339 0.178604 0.0498766
2 0.236069 0.853045 0.152416 0.0727966
2 0.598959 0.088517 0.0724873 0.0407496
7 0.23848 0.969084 0.0588373 0.0314506
2 0.149874 0.084418 0.0681345 0.0377166
2 0.690116 0.759144 0.101794 0.0237053
2 0.751677 0.0891201 0.0766727 0.0451515
2 0.842618 0.761046 0.0958757 0.0292111
0 0.749944 0.976717 0.0422898 0.0378034
2 0.450106 0.0884046 0.0669848 0.0398481
2 0.901888 0.0889936 0.0715115 0.04001
2 0.286291 0.754512 0.141789 0.0313805
3 0.493124 0.971745 0.0779965 0.0378413
2 0.302444 0.0848586 0.0796816 0.0464702
