9 0.485687 0.796967 0.921836 0.211674
2 0.0958208 0.660051 0.0924018 0.0475691
7 0.284245 0.934634 0.0586429 0.0312781
3 0.480524 0.936062 0.0670729 0.0360667
2 0.545567 0.378539 0.660471 0.0982459
2 0.473536 0.283401 0.502378 0.0556732
2 0.889627 0.663897 0.0803805 0.0411279
2 0.535196 0.522829 0.640059 0.080014
0 0.67663 0.93685 0.0615885 0.0356788
2 0.550511 0.188591 0.668629 0.0953164
2 0.48641 0.659881 0.11833 0.0324339
2 0.721909 0.662883 0.217051 0.0358185
8 0.513246 0.0871408 0.829 0.0537253
2 0.860256 0.084541 0.0540987 0.0316205
2 0.259223 0.662914 0.0858053 0.0311659
