2 0.133097 0.812475 0.131954 0.087199
2 0.483095 0.580381 0.119121 0.0791726
2 0.137144 0.577687 0.152884 0.0836446
2 0.488634 0.213121 0.164534 0.0920157
2 0.137117 0.336834 0.163378 0.0863106
2 0.134988 0.455787 0.127648 0.0864887
2 0.666264 0.213042 0.159963 0.0914474
2 0.308554 0.697301 0.120145 0.0798187
2 0.314866 0.215541 0.136743 0.0882307
2 0.311986 0.457072 0.136232 0.0872344
2 0.481687 0.694822 0.133964 0.0881611
2 0.652502 0.918154 0.134793 0.0629697
2 0.662931 0.338091 0.15998 0.0858381
2 0.653684 0.817193 0.115989 0.0779434
2 0.309038 0.813054 0.14142 0.0875299
2 0.13669 0.701421 0.140389 0.0792544
2 0.311299 0.582648 0.11116 0.0776378
2 0.313751 0.338662 0.138393 0.0840898
2 0.480365 0.816804 0.107849 0.0791751
2 0.82721 0.82132 0.164393 0.0816611
2 0.478439 0.916514 0.139312 0.0616453
2 0.827102 0.693438 0.136816 0.0850269
2 0.484777 0.336847 0.126209 0.0889698
2 0.847735 0.217459 0.137968 0.0840911
2 0.138913 0.212296 0.13475 0.0916158
2 0.833067 0.458586 0.14175 0.0841976
2 0.664153 0.458545 0.152333 0.0839122
2 0.131694 0.916129 0.139892 0.0616424
2 0.840738 0.337241 0.150233 0.0869232
2 0.660401 0.577211 0.168022 0.080164
0 0.711675 0.973531 0.0612259 0.028443
2 0.483095 0.459145 0.117541 0.0841127
2 0.302865 0.915964 0.136877 0.0607849
2 0.65968 0.696133 0.162126 0.0819616
3 0.482615 0.973213 0.0620065 0.0243679
2 0.838762 0.583357 0.162953 0.0774713
8 0.442376 0.0849537 0.720206 0.0518382
7 0.254245 0.971014 0.0726247 0.0282144
2 0.835586 0.919055 0.140912 0.0658541
