7 0.23055 0.963354 0.075816 0.0366183
2 0.494926 0.815256 0.365876 0.039898
2 0.624153 0.225242 0.158181 0.107013
2 0.391021 0.221826 0.168001 0.112562
2 0.499549 0.876779 0.297326 0.0397754
8 0.514567 0.089831 0.942802 0.060323
2 0.507508 0.332248 0.250334 0.0347266
0 0.764846 0.964851 0.0703234 0.0382663
2 0.161533 0.220588 0.19591 0.10934
2 0.500512 0.757138 0.505212 0.0439804
2 0.853682 0.22668 0.175857 0.106062
3 0.497842 0.965138 0.0738886 0.0290292
4 0.92647 0.0918782 0.0515037 0.0501426
2 0.614097 0.471154 0.107405 0.0275301
2 0.809655 0.471634 0.109742 0.028042
