6 0.496813 0.796375 0.803907 0.0459623
6 0.497062 0.415134 0.818676 0.0445411
6 0.495232 0.479189 0.81397 0.0468901
6 0.495065 0.540579 0.81639 0.0508812
6 0.495889 0.734733 0.810448 0.0480762
6 0.496436 0.670877 0.799703 0.0445838
6 0.492214 0.606738 0.806343 0.0492048
6 0.499131 0.349544 0.824243 0.0482664
6 0.500836 0.283217 0.822126 0.0486107
0 0.100112 0.0830673 0.0642387 0.0316681
6 0.505825 0.218638 0.827926 0.0495911
6 0.49325 0.860479 0.810329 0.0455925
0 0.718172 0.974443 0.0612475 0.0279073
6 0.505555 0.150455 0.834594 0.0540631
0 0.26252 0.967387 0.0768821 0.0361328
