2 0.229473 0.219459 0.316081 0.0601568
2 0.305361 0.307937 0.478291 0.0553951
2 0.495641 0.623671 0.855166 0.0785462
2 0.323833 0.870922 0.523007 0.034437
7 0.22982 0.962937 0.073494 0.0343155
2 0.922915 0.111687 0.08051 0.0417406
2 0.357395 0.536884 0.571876 0.0361168
0 0.102525 0.108938 0.052955 0.0405981
2 0.22848 0.826623 0.327309 0.0321861
2 0.282404 0.450925 0.416715 0.0374254
3 0.496804 0.964921 0.0730371 0.0310968
2 0.266284 0.382523 0.395549 0.0343639
0 0.769064 0.965389 0.0603533 0.0359122
2 0.383877 0.787973 0.644727 0.0329596
