2 0.304775 0.345036 0.39781 0.0496674
2 0.249409 0.639193 0.281817 0.0454035
2 0.403078 0.268878 0.599065 0.0471993
2 0.289097 0.567537 0.362212 0.0462573
2 0.257749 0.492021 0.309268 0.0474283
2 0.373721 0.929222 0.550779 0.0447302
2 0.332113 0.71353 0.432721 0.0411246
2 0.30675 0.420212 0.387931 0.0420478
2 0.353087 0.19285 0.46706 0.0521406
2 0.253066 0.858864 0.287908 0.0374124
2 0.354371 0.785965 0.490214 0.0455877
0 0.098515 0.0830681 0.053679 0.0318312
0 0.715027 0.974782 0.0582631 0.0272564
4 0.894233 0.0881293 0.101425 0.0583857
