2 0.299498 0.345527 0.359106 0.0505709
2 0.408129 0.574443 0.606933 0.0516971
2 0.400174 0.80169 0.593369 0.0516851
2 0.375723 0.138729 0.166242 0.0495832
2 0.319566 0.422721 0.421882 0.0520631
0 0.0996885 0.0827959 0.0640975 0.0305655
2 0.27135 0.498309 0.332347 0.0502624
2 0.588466 0.138391 0.211751 0.0387941
2 0.303443 0.268256 0.376221 0.051843
0 0.724765 0.972499 0.0776368 0.0400775
2 0.353788 0.877965 0.516762 0.0488453
4 0.891827 0.0886615 0.103441 0.0603503
2 0.888711 0.0891742 0.107098 0.0595949
