9 0.487135 0.813192 0.974271 0.246566
2 0.769739 0.658781 0.0725967 0.0457355
2 0.632857 0.659936 0.0739531 0.045387
0 0.111765 0.0676834 0.0496356 0.0317405
3 0.486282 0.971358 0.0711554 0.0342339
2 0.697721 0.0680143 0.0513888 0.0326572
7 0.259366 0.968246 0.0689205 0.0379204
2 0.883446 0.0888826 0.136672 0.0649144
2 0.907155 0.662167 0.0932255 0.046874
0 0.714 0.971002 0.0799153 0.037468
2 0.136482 0.341126 0.129731 0.0641347
2 0.0800756 0.660392 0.0911783 0.0496309
2 0.842425 0.251096 0.220441 0.055429
2 0.493991 0.659954 0.0699224 0.0384227
