9 0.489524 0.815367 0.957265 0.238942
2 0.864434 0.250976 0.158642 0.0966556
2 0.680433 0.248467 0.159517 0.0896684
2 0.496303 0.248688 0.15991 0.0896801
2 0.642494 0.086163 0.0563985 0.0326511
2 0.322146 0.246579 0.176487 0.0873053
2 0.137841 0.236555 0.149473 0.0691888
7 0.25857 0.968399 0.0658344 0.0381295
3 0.4834 0.971169 0.0663145 0.0348369
2 0.247403 0.658867 0.0734498 0.0410777
0 0.711014 0.970804 0.077687 0.0389352
2 0.907713 0.661123 0.0948344 0.0477933
2 0.0807177 0.659731 0.092798 0.049368
2 0.106093 0.0835743 0.066643 0.0388598
2 0.857718 0.088987 0.189313 0.0634498
