2 0.855299 0.908282 0.135812 0.0674115
2 0.508744 0.240186 0.25659 0.0638364
2 0.907652 0.0885835 0.0892919 0.0439339
0 0.767086 0.966212 0.0577618 0.0305721
7 0.23032 0.963188 0.0644704 0.0317798
3 0.497378 0.965128 0.0646149 0.0311832
2 0.612503 0.90886 0.203138 0.0604102
2 0.275236 0.373038 0.28112 0.042828
2 0.137838 0.16815 0.0659983 0.0331557
2 0.132306 0.90818 0.119722 0.0596811
2 0.353635 0.435707 0.438448 0.0453529
2 0.372773 0.907921 0.126491 0.0573603
2 0.303796 0.312197 0.347445 0.044804
2 0.376928 0.894315 0.0682725 0.0258652
2 0.118002 0.0862414 0.0793016 0.0438232
