2 0.274865 0.860347 0.343091 0.046868
2 0.30476 0.567355 0.402168 0.0473318
2 0.321612 0.786097 0.423566 0.0442468
2 0.284331 0.639162 0.357745 0.0479841
2 0.325358 0.491682 0.440872 0.0514445
2 0.259824 0.71299 0.304204 0.039891
0 0.0981061 0.083177 0.0502762 0.0313647
2 0.240581 0.41794 0.271967 0.0507538
2 0.267467 0.191652 0.32558 0.04819
4 0.896174 0.0878823 0.0980124 0.057972
1 0.241011 0.416981 0.271748 0.0525256
1 0.256873 0.713277 0.301661 0.0395754
2 0.266946 0.344136 0.30461 0.0453066
