6 0.225757 0.290225 0.312596 0.0444419
6 0.249688 0.490613 0.359678 0.0447157
6 0.233994 0.425034 0.324805 0.0438315
6 0.23357 0.357888 0.326538 0.0426145
1 0.498667 0.640813 0.837058 0.0757099
6 0.260692 0.223872 0.38537 0.0503512
0 0.0980019 0.0832104 0.0523432 0.0318234
6 0.244071 0.556058 0.348435 0.0418657
2 0.895028 0.0894896 0.117563 0.0640089
6 0.261817 0.154512 0.390127 0.0486338
0 0.716594 0.972831 0.0661822 0.0351786
7 0.260214 0.971535 0.0752524 0.0349915
2 0.244494 0.556519 0.351013 0.0420986
3 0.490178 0.971145 0.0758324 0.0324131
