2 0.846313 0.895991 0.131269 0.0720947
2 0.13822 0.894904 0.143432 0.0714478
2 0.490945 0.893669 0.138195 0.0646902
2 0.317312 0.73333 0.134771 0.0984295
2 0.668321 0.896546 0.141198 0.0702156
2 0.668889 0.736231 0.158409 0.099863
2 0.315676 0.893899 0.13919 0.0673662
2 0.672376 0.615922 0.162143 0.0946117
2 0.495448 0.731712 0.1574 0.102233
2 0.851761 0.615987 0.147689 0.0993693
2 0.490303 0.613304 0.177403 0.0967952
2 0.317625 0.614944 0.13928 0.096307
8 0.487091 0.496722 0.834901 0.0623767
2 0.140386 0.613814 0.151744 0.103963
2 0.84936 0.733943 0.162378 0.103714
0 0.711165 0.970922 0.0642564 0.0351523
2 0.140794 0.716158 0.144865 0.0717651
3 0.483655 0.971168 0.0575767 0.0289953
7 0.254653 0.971054 0.0611441 0.0319895
