2 0.492919 0.780042 0.71565 0.059068
2 0.600618 0.40369 0.196072 0.102264
2 0.400773 0.403573 0.150971 0.0999033
2 0.198754 0.404181 0.167007 0.101754
2 0.805744 0.40603 0.188603 0.105909
2 0.795567 0.0769248 0.0632472 0.0364416
0 0.724099 0.970932 0.077528 0.0359633
2 0.660838 0.0773687 0.0719491 0.0415226
2 0.081776 0.0750223 0.0827424 0.0410006
4 0.903288 0.0813562 0.082612 0.0441082
3 0.495467 0.969857 0.0753326 0.0337909
8 0.503248 0.263762 0.849814 0.0919964
4 0.832952 0.538466 0.0350923 0.0415957
7 0.270184 0.970983 0.0743904 0.031073
8 0.464135 0.536646 0.758834 0.0699109
2 0.495575 0.614334 0.136409 0.0632797
2 0.482223 0.840296 0.412864 0.0328995
