1 0.500301 0.203771 0.829643 0.0483868
2 0.255325 0.466102 0.329643 0.0611513
2 0.196355 0.813906 0.191033 0.031351
0 0.721757 0.968584 0.0795288 0.0390417
2 0.250767 0.346224 0.321373 0.0571237
6 0.496955 0.816795 0.754662 0.04475
3 0.492079 0.97016 0.0737903 0.0324493
6 0.491024 0.752522 0.769437 0.0466557
0 0.10036 0.083096 0.066015 0.0312861
6 0.489758 0.881142 0.771802 0.0510544
7 0.265234 0.9689 0.0852633 0.036809
2 0.894196 0.0886313 0.11966 0.0650514
2 0.205333 0.876785 0.204585 0.0321152
8 0.50297 0.581675 0.817112 0.0824417
