9 0.487368 0.812805 0.962975 0.245242
8 0.408876 0.14925 0.697984 0.0840671
2 0.110875 0.223782 0.0949869 0.0512804
2 0.79947 0.407508 0.254551 0.0605171
2 0.768408 0.659416 0.0696263 0.0435754
2 0.630599 0.660253 0.0731758 0.0456612
3 0.489396 0.971702 0.0645035 0.0357772
7 0.262669 0.968992 0.0623003 0.038439
0 0.101339 0.0739509 0.073494 0.040346
2 0.906103 0.662371 0.095926 0.0472337
2 0.491529 0.660176 0.0672716 0.0397046
0 0.716477 0.971104 0.0772117 0.0382761
2 0.0784337 0.660228 0.0945089 0.0495427
2 0.891988 0.0869414 0.117035 0.060856
