2 0.278104 0.858519 0.356493 0.0544715
2 0.286651 0.707286 0.360948 0.0504633
2 0.264297 0.783005 0.321703 0.0511761
2 0.375982 0.139086 0.167046 0.0511542
0 0.0998301 0.0825773 0.0659622 0.0301575
2 0.279383 0.479917 0.346751 0.0518019
2 0.894396 0.0892394 0.113966 0.0630208
6 0.281113 0.479004 0.352355 0.0539201
2 0.593986 0.141395 0.236716 0.0483751
0 0.721746 0.972164 0.0638693 0.0340921
2 0.380617 0.403442 0.506265 0.0547064
2 0.270373 0.556449 0.33123 0.0517738
6 0.484477 0.782585 0.778365 0.0533206
