1 0.492476 0.696664 0.89283 0.0571843
2 0.286612 0.349677 0.41552 0.0426953
2 0.285116 0.248266 0.418785 0.0405728
0 0.102407 0.108088 0.051725 0.0389622
7 0.230048 0.963294 0.0765925 0.0349076
3 0.496966 0.964234 0.0745674 0.0334744
2 0.1916 0.542319 0.234987 0.0302336
2 0.211536 0.606959 0.273682 0.0344626
2 0.23897 0.693421 0.33915 0.035145
2 0.209671 0.427942 0.273016 0.0342491
0 0.767628 0.965319 0.0522789 0.0332138
2 0.16612 0.177454 0.183885 0.028934
2 0.267217 0.758904 0.401028 0.0368225
2 0.51029 0.540956 0.884506 0.0446817
2 0.512464 0.474989 0.902025 0.0412151
