1 0.509634 0.202636 0.797534 0.0565773
1 0.495629 0.863283 0.787899 0.0581305
0 0.0984706 0.0829072 0.0516523 0.0314897
1 0.84728 0.283776 0.132368 0.0481951
1 0.838643 0.52476 0.127038 0.0484337
0 0.720841 0.972123 0.0641041 0.0354028
6 0.504266 0.363772 0.786541 0.0597378
1 0.841238 0.444999 0.125851 0.0470835
6 0.4819 0.444017 0.772748 0.059842
1 0.509679 0.283725 0.800315 0.056313
1 0.836565 0.603271 0.128297 0.0482054
1 0.851997 0.200669 0.12535 0.0460776
2 0.312122 0.931555 0.43282 0.0383839
6 0.499909 0.283707 0.786684 0.0590668
2 0.332461 0.693861 0.467387 0.0817578
1 0.495112 0.784861 0.782929 0.0553815
