2 0.274302 0.40829 0.398322 0.0577637
2 0.751573 0.748579 0.131261 0.086525
2 0.806806 0.905221 0.180119 0.0714515
2 0.523882 0.745903 0.163839 0.0858953
0 0.711308 0.97322 0.0685344 0.0313619
2 0.4912 0.903728 0.147718 0.0716814
2 0.264767 0.585925 0.411341 0.0603848
2 0.189647 0.23506 0.263429 0.0441426
2 0.268795 0.319051 0.416956 0.0604223
2 0.259797 0.753293 0.157193 0.106221
4 0.895255 0.318386 0.0297129 0.0355112
4 0.891479 0.407717 0.0246003 0.0333771
3 0.482764 0.97432 0.0789427 0.0324693
7 0.254346 0.969943 0.0651011 0.0328105
4 0.886639 0.583463 0.0337293 0.0381587
2 0.340269 0.497199 0.483661 0.0558724
2 0.170608 0.890187 0.0621616 0.0386624
2 0.806418 0.892966 0.0709891 0.036953
2 0.398382 0.168231 0.0377489 0.0278622
4 0.889538 0.495977 0.0273714 0.0363419
6 0.266927 0.585642 0.421761 0.0664162
2 0.893065 0.0894276 0.120823 0.0598695
