2 0.498639 0.248458 0.157029 0.0887469
2 0.682293 0.249173 0.170137 0.0901823
9 0.486526 0.813712 0.973053 0.245568
2 0.319053 0.248648 0.166254 0.0900538
2 0.862968 0.250185 0.140094 0.090162
2 0.136157 0.249322 0.15976 0.0924508
2 0.770026 0.659048 0.0690907 0.0443419
2 0.632861 0.66009 0.0714648 0.0453809
2 0.641806 0.0864353 0.0570915 0.032098
3 0.483945 0.971166 0.0688476 0.0342107
7 0.259751 0.968482 0.0672439 0.0391092
2 0.493028 0.660079 0.0625464 0.0377374
2 0.0982258 0.0821679 0.0547845 0.0466976
2 0.907459 0.662037 0.0957673 0.0478676
0 0.712054 0.970787 0.0787129 0.0386779
2 0.0801834 0.659634 0.0947773 0.0514239
