1 0.512623 0.308815 0.789135 0.0735782
1 0.537225 0.205466 0.731074 0.0796021
0 0.72275 0.971552 0.0716673 0.0322532
1 0.510879 0.408908 0.794694 0.068297
0 0.101078 0.0831443 0.0622486 0.0313422
7 0.266744 0.968499 0.0597704 0.0326291
3 0.495473 0.970987 0.0667907 0.0286052
1 0.496282 0.806037 0.808617 0.074306
1 0.501458 0.901204 0.784339 0.0632307
1 0.503347 0.608691 0.786639 0.0775069
2 0.464879 0.707967 0.742149 0.0742163
1 0.500896 0.708431 0.802471 0.0733877
1 0.503198 0.507752 0.791304 0.0750462
2 0.894278 0.0889156 0.114044 0.0621645
