2 0.386806 0.926156 0.572658 0.0475824
2 0.244958 0.413821 0.284907 0.0470587
2 0.266343 0.707536 0.325194 0.0490479
2 0.388704 0.855003 0.570812 0.0421946
0 0.0981534 0.0830423 0.0529255 0.0324591
2 0.305558 0.188179 0.40192 0.0484494
2 0.254344 0.781045 0.286387 0.0408841
2 0.315326 0.634691 0.405429 0.0450274
2 0.233665 0.561604 0.251298 0.0432065
2 0.280189 0.487329 0.347688 0.0467676
0 0.715644 0.973948 0.0665858 0.0303108
4 0.894227 0.0880406 0.104091 0.0591656
2 0.375413 0.340434 0.514172 0.046677
6 0.281972 0.486917 0.35456 0.0492851
2 0.271748 0.265065 0.308854 0.0417422
1 0.254054 0.780337 0.287361 0.0400089
1 0.235962 0.560761 0.251113 0.0431042
