6 0.49253 0.8204 0.807945 0.0488352
6 0.490008 0.758674 0.818781 0.0490309
6 0.492061 0.695871 0.813742 0.0461478
6 0.493879 0.631627 0.809391 0.0458899
6 0.503558 0.439704 0.81388 0.0504593
6 0.502805 0.501888 0.81062 0.048233
0 0.10014 0.0837004 0.0639606 0.0310463
6 0.498911 0.376635 0.824857 0.0511575
6 0.507343 0.241682 0.824711 0.0495574
6 0.490365 0.884545 0.810092 0.0487231
6 0.499536 0.567333 0.806766 0.0477087
6 0.503235 0.176164 0.826139 0.0478638
6 0.499877 0.31016 0.825203 0.048407
2 0.199085 0.245395 0.221168 0.0387062
0 0.26633 0.968718 0.0753212 0.0357373
