1 0.486611 0.889264 0.800192 0.0746273
1 0.513388 0.292444 0.77957 0.0784292
0 0.723301 0.971233 0.0752823 0.0344043
0 0.0986838 0.0831104 0.054923 0.0330517
1 0.502449 0.792595 0.784572 0.0736828
1 0.507249 0.393442 0.810144 0.0749324
3 0.495049 0.9711 0.072018 0.0295035
7 0.2664 0.968381 0.0714467 0.0338254
1 0.510505 0.186375 0.781707 0.0803093
1 0.497076 0.693759 0.792566 0.0737943
2 0.486424 0.494727 0.783169 0.072967
2 0.894682 0.0879241 0.112919 0.0597754
1 0.50204 0.494697 0.799161 0.0729648
