2 0.235674 0.6938 0.373416 0.107075
2 0.833314 0.15275 0.258048 0.0626808
2 0.661308 0.0767163 0.0561607 0.0412583
2 0.0799882 0.0754572 0.0619054 0.0380507
2 0.796835 0.0786602 0.0619824 0.0401295
0 0.723606 0.970801 0.0700761 0.033183
2 0.239069 0.42866 0.375184 0.111449
8 0.366807 0.0773713 0.46451 0.0645204
2 0.51538 0.282 0.138506 0.027663
2 0.238923 0.561429 0.372454 0.108135
4 0.902714 0.0840444 0.0830535 0.0514756
3 0.494959 0.970385 0.0690952 0.030871
4 0.0973548 0.150954 0.0849226 0.0417947
4 0.92143 0.34381 0.0260016 0.027378
7 0.26783 0.967796 0.082342 0.0387569
2 0.23133 0.826374 0.38172 0.109554
2 0.307266 0.282625 0.179202 0.0283457
