9 0.489007 0.813529 0.961464 0.242385
2 0.854382 0.482925 0.183466 0.105207
2 0.673155 0.481614 0.124274 0.0902894
2 0.496947 0.481878 0.175849 0.0977391
3 0.484769 0.971307 0.0696481 0.034559
2 0.895685 0.0865003 0.1147 0.0561405
2 0.143434 0.476832 0.166598 0.104035
2 0.49026 0.660857 0.0817945 0.0438451
7 0.260202 0.968634 0.0652921 0.0373215
2 0.0804219 0.659056 0.0922954 0.0504111
2 0.319096 0.479943 0.122635 0.0946004
0 0.712445 0.970962 0.0797051 0.0375616
2 0.907 0.661825 0.0973804 0.0464848
2 0.266373 0.348766 0.381409 0.0537446
2 0.734203 0.661658 0.118789 0.0416626
2 0.745453 0.345112 0.0956687 0.0535628
2 0.24864 0.28117 0.344446 0.0492229
