2 0.172862 0.85734 0.158285 0.0753158
2 0.871726 0.690164 0.10115 0.050939
2 0.486953 0.858436 0.184584 0.0980632
2 0.893855 0.0842015 0.11924 0.0662589
2 0.696589 0.762523 0.119383 0.0270093
2 0.28409 0.762034 0.127476 0.0279202
2 0.69982 0.0676051 0.074942 0.0429084
2 0.661171 0.689752 0.0769936 0.0486026
2 0.545163 0.691534 0.0598202 0.039513
2 0.32079 0.687651 0.0863938 0.0529481
2 0.876181 0.763722 0.111286 0.0338282
3 0.490644 0.970517 0.0570519 0.0301153
0 0.718878 0.971926 0.0686812 0.0360313
2 0.307783 0.0670448 0.0949787 0.0513613
2 0.111555 0.066678 0.0906365 0.0487155
2 0.511713 0.0649926 0.130452 0.0646938
7 0.264499 0.969546 0.0706536 0.0334354
2 0.445698 0.689843 0.0858431 0.046438
