6 0.225827 0.290318 0.312483 0.0446943
6 0.233928 0.35774 0.326766 0.0426038
6 0.250059 0.490565 0.360282 0.0450208
6 0.234299 0.424845 0.325413 0.043955
1 0.496031 0.640653 0.831984 0.0759213
6 0.260796 0.224114 0.384042 0.0507716
6 0.243819 0.556215 0.347848 0.0417791
0 0.0976616 0.0832058 0.0516208 0.031513
2 0.894961 0.0895696 0.117387 0.0637572
6 0.261657 0.154678 0.389706 0.049061
0 0.715506 0.973917 0.0614634 0.0323642
3 0.4889 0.971572 0.0708338 0.0310092
7 0.259759 0.969577 0.082804 0.0394605
