2 0.499204 0.249441 0.163492 0.09197
2 0.319878 0.24971 0.145734 0.0935347
9 0.486783 0.813676 0.973565 0.246526
2 0.141003 0.249029 0.15677 0.0897926
2 0.77019 0.659105 0.0687601 0.0443898
2 0.632899 0.660098 0.0713392 0.0448085
2 0.641804 0.0860431 0.0600326 0.0310651
3 0.483803 0.97118 0.0688314 0.0337456
7 0.259218 0.968621 0.0680462 0.0386584
2 0.492545 0.660047 0.0628483 0.0377417
2 0.680702 0.248097 0.168867 0.0928557
0 0.712 0.970664 0.0783238 0.0387436
2 0.906905 0.662011 0.0948457 0.0481802
2 0.0810683 0.660086 0.091346 0.0498219
2 0.0984527 0.0822515 0.0597355 0.0448075
