1 0.495294 0.734368 0.812311 0.0458918
1 0.490702 0.877028 0.813773 0.0525553
1 0.494865 0.301887 0.87595 0.0591525
1 0.471592 0.518762 0.896489 0.0547825
2 0.894961 0.0876341 0.114552 0.0616087
2 0.37796 0.3812 0.589423 0.0377945
0 0.0995421 0.0832847 0.0598286 0.0322757
0 0.7125 0.973189 0.0569795 0.0304942
7 0.262533 0.964667 0.0804729 0.0399156
8 0.484593 0.0835895 0.691087 0.037194
2 0.252302 0.80559 0.328452 0.0544574
2 0.468616 0.518606 0.888399 0.0555931
2 0.307918 0.679298 0.424155 0.0279391
