0 0.11115 0.0675776 0.048147 0.0317171
1 0.156301 0.637453 0.209586 0.0358136
1 0.194904 0.424166 0.28521 0.0455235
2 0.134798 0.708014 0.0420955 0.021426
6 0.195305 0.424082 0.291442 0.0485737
1 0.174589 0.497521 0.244816 0.0395638
3 0.485852 0.970768 0.0723182 0.0316197
0 0.713476 0.971465 0.0626837 0.0326919
7 0.257061 0.968483 0.0881141 0.0420026
2 0.132394 0.150601 0.16466 0.0842981
1 0.191396 0.570475 0.274142 0.0528865
6 0.175711 0.49643 0.247593 0.0445493
2 0.191584 0.568121 0.277892 0.0458228
