9 0.487853 0.815602 0.965061 0.238508
2 0.499576 0.537856 0.145096 0.0805518
2 0.851993 0.533607 0.174466 0.0948763
2 0.31108 0.359764 0.139915 0.0895637
2 0.320099 0.534548 0.164397 0.0840493
2 0.131534 0.357586 0.155141 0.0939989
2 0.139228 0.532662 0.164303 0.0915833
2 0.642456 0.0858835 0.0625557 0.0300323
2 0.0811466 0.659484 0.0904237 0.0497823
2 0.672395 0.537945 0.120183 0.0817262
3 0.483922 0.970938 0.0677229 0.034116
7 0.259191 0.968423 0.0662114 0.0375272
2 0.156675 0.199233 0.158981 0.0833561
0 0.711691 0.970622 0.0765452 0.0391394
2 0.499395 0.36013 0.188186 0.0947411
2 0.907997 0.661587 0.0940398 0.0456632
2 0.248295 0.662846 0.0576739 0.0344458
