2 0.230299 0.546567 0.255366 0.0475054
2 0.233402 0.911323 0.233586 0.0365704
2 0.216699 0.693146 0.225794 0.0447311
2 0.389534 0.620986 0.568187 0.0433682
2 0.239282 0.322177 0.24302 0.0399889
2 0.258396 0.839216 0.303123 0.0466104
0 0.096948 0.0831703 0.0495362 0.0328043
2 0.26428 0.171748 0.319806 0.0478811
2 0.328975 0.250057 0.433142 0.0457837
2 0.408692 0.476813 0.591554 0.038748
0 0.721782 0.973651 0.0674683 0.031859
2 0.22388 0.766271 0.222525 0.0377248
2 0.368396 0.400631 0.525263 0.038186
1 0.493613 0.913688 0.763982 0.0469388
4 0.894551 0.0871913 0.0903691 0.0544808
3 0.493603 0.971221 0.063046 0.0277133
1 0.494559 0.765568 0.77278 0.0434217
7 0.264833 0.973 0.0696464 0.0310199
1 0.499852 0.839123 0.788868 0.0489963
