9 0.486474 0.813474 0.972948 0.246173
8 0.415819 0.149048 0.704275 0.0841748
2 0.112095 0.223969 0.094375 0.0513924
2 0.800412 0.407279 0.253991 0.0623506
2 0.768592 0.659312 0.071066 0.0442353
2 0.63157 0.660153 0.0735239 0.0453142
3 0.489842 0.971358 0.0694793 0.0345972
7 0.264195 0.96894 0.0684846 0.0388705
0 0.104239 0.0742474 0.0770678 0.0403032
2 0.906916 0.662935 0.096856 0.0473227
0 0.7168 0.970907 0.0790973 0.0374487
2 0.07889 0.660014 0.0945565 0.0503464
2 0.492392 0.659638 0.0689927 0.0392827
2 0.892473 0.0872072 0.11869 0.0606711
2 0.891415 0.155004 0.0556998 0.0352838
