2 0.131158 0.352174 0.172057 0.0887024
9 0.498836 0.812486 0.962669 0.245092
2 0.128107 0.210626 0.155398 0.0975577
2 0.311535 0.352421 0.14386 0.0921464
2 0.850993 0.528848 0.153643 0.0891012
2 0.320994 0.528386 0.170355 0.0886271
2 0.671794 0.527322 0.169617 0.090036
2 0.496695 0.527543 0.172243 0.0904408
2 0.643009 0.0857623 0.0614921 0.0296732
2 0.0809691 0.659563 0.0896157 0.0490591
3 0.48465 0.970897 0.0675604 0.0347117
7 0.259083 0.968584 0.0664945 0.0379047
2 0.14108 0.525894 0.164795 0.0877546
2 0.908334 0.661675 0.0942083 0.0464985
0 0.711522 0.971085 0.0780687 0.0383316
8 0.563189 0.0801417 0.762012 0.0519603
2 0.859356 0.0854368 0.185032 0.0532807
2 0.734424 0.661112 0.0885194 0.041895
