2 0.785186 0.903375 0.20937 0.0460395
2 0.360564 0.528477 0.476943 0.0563263
2 0.36442 0.436047 0.484837 0.0779115
2 0.437579 0.809261 0.369594 0.0756609
2 0.42241 0.621328 0.3386 0.0758082
0 0.713051 0.97168 0.060763 0.0308731
2 0.444073 0.716524 0.323829 0.0573007
2 0.784123 0.810034 0.214634 0.0483792
2 0.789065 0.52964 0.216489 0.0559182
3 0.485005 0.970935 0.0575954 0.028699
0 0.110563 0.0673005 0.0468077 0.0308991
2 0.786053 0.62279 0.214218 0.0569621
2 0.429946 0.34082 0.339244 0.0602867
7 0.25833 0.969496 0.0597293 0.0310884
2 0.177277 0.712759 0.168599 0.080539
2 0.174241 0.806039 0.16842 0.0788623
2 0.786006 0.716036 0.211365 0.0567309
2 0.790886 0.434624 0.220826 0.0611082
2 0.183528 0.528048 0.134727 0.0640934
2 0.190024 0.436788 0.159761 0.0747739
2 0.359168 0.90464 0.521181 0.0784244
2 0.795732 0.339905 0.222697 0.0593588
