2 0.361638 0.223308 0.583786 0.0602712
2 0.227485 0.467591 0.318196 0.0575414
2 0.301829 0.553284 0.465955 0.0550966
0 0.769876 0.96423 0.0658955 0.0350549
2 0.487948 0.859514 0.857007 0.0788425
2 0.27662 0.69041 0.417817 0.0340888
2 0.922852 0.111838 0.0767249 0.0394717
7 0.229513 0.962874 0.0747114 0.0341821
2 0.352706 0.779086 0.563185 0.0348949
3 0.49716 0.964403 0.0702656 0.0304318
2 0.266055 0.627661 0.393252 0.0330897
2 0.239224 0.3007 0.335949 0.0332361
0 0.101619 0.108435 0.0561239 0.0395571
2 0.167367 0.366037 0.194508 0.0366518
2 0.101802 0.108174 0.0567546 0.039477
