2 0.408953 0.309397 0.602837 0.0445789
2 0.33146 0.233278 0.441393 0.0500998
2 0.354955 0.385114 0.503394 0.0468134
2 0.394283 0.898394 0.57177 0.0417474
0 0.0997705 0.0832026 0.0585623 0.0316467
2 0.380118 0.82592 0.538018 0.0462894
2 0.257047 0.154701 0.299254 0.0523774
2 0.237099 0.531045 0.251389 0.0366991
0 0.721007 0.972185 0.0738315 0.0399761
2 0.383434 0.751478 0.54967 0.0470367
2 0.247498 0.604335 0.262945 0.0444507
2 0.360836 0.460509 0.512902 0.0381941
4 0.895701 0.087192 0.102316 0.0570606
2 0.292551 0.678474 0.345994 0.0492682
7 0.265677 0.967334 0.0714777 0.0356018
2 0.150865 0.155712 0.0905125 0.0474632
