2 0.673482 0.533215 0.164431 0.0889719
9 0.488544 0.815661 0.962157 0.238638
2 0.852231 0.534728 0.157103 0.0889129
2 0.491583 0.533112 0.167122 0.0874305
2 0.31126 0.359378 0.144694 0.0913064
2 0.317843 0.535127 0.140441 0.0869658
2 0.670815 0.35926 0.153745 0.094089
2 0.139747 0.535277 0.13629 0.0871723
2 0.131173 0.359231 0.149657 0.0914692
2 0.492968 0.360561 0.160563 0.0947386
2 0.642857 0.0860595 0.0614916 0.0299339
2 0.155492 0.214814 0.155646 0.119311
2 0.858251 0.359732 0.181476 0.093213
3 0.483614 0.971063 0.0655936 0.0354434
7 0.257247 0.968803 0.0683875 0.0382015
2 0.0811262 0.659107 0.0913671 0.050026
0 0.710949 0.970538 0.0771987 0.0393241
2 0.90845 0.661663 0.0919322 0.0452101
2 0.0968483 0.081935 0.053716 0.0449474
