2 0.133241 0.648367 0.13017 0.0854199
2 0.308543 0.769899 0.140792 0.0756369
2 0.484364 0.529209 0.1358 0.088007
2 0.137979 0.163812 0.171374 0.0920285
2 0.656561 0.767116 0.151876 0.0842885
2 0.667017 0.163328 0.157585 0.093609
2 0.310332 0.647731 0.141155 0.0841068
2 0.309891 0.533811 0.122594 0.0814995
2 0.480621 0.884623 0.149442 0.0850179
2 0.309548 0.411289 0.123391 0.0836792
2 0.136447 0.766728 0.160306 0.0860855
2 0.134022 0.286482 0.132131 0.09178
2 0.485074 0.288714 0.130576 0.0887143
2 0.655355 0.653599 0.118574 0.0782156
2 0.846497 0.16129 0.154508 0.0929535
2 0.313865 0.287723 0.140798 0.0894592
2 0.65173 0.885581 0.154871 0.0896417
2 0.481356 0.766059 0.135395 0.0853697
2 0.139623 0.410784 0.15954 0.0852633
2 0.832279 0.5287 0.136051 0.0861818
2 0.486693 0.414477 0.117711 0.0800324
2 0.31509 0.165481 0.139671 0.0950508
2 0.137904 0.534294 0.140264 0.0836083
2 0.306503 0.885642 0.124653 0.0848721
2 0.491584 0.165057 0.138378 0.09381
2 0.829805 0.656319 0.162318 0.0799057
2 0.483107 0.652759 0.102318 0.0794122
2 0.839009 0.288353 0.149137 0.0852996
2 0.668971 0.28971 0.152381 0.0860395
2 0.126846 0.883226 0.163901 0.0900706
2 0.834724 0.768847 0.123284 0.0872528
2 0.661494 0.412394 0.159863 0.0821507
0 0.709693 0.971076 0.0645077 0.0331036
2 0.829392 0.887894 0.166406 0.0860965
2 0.663167 0.529383 0.163884 0.0856916
8 0.511804 0.0809242 0.864479 0.0552466
3 0.482516 0.971568 0.061139 0.0283423
2 0.842378 0.416508 0.160093 0.0807759
7 0.25553 0.969515 0.077733 0.0329259
