2 0.174362 0.855267 0.160196 0.0785118
2 0.549355 0.689663 0.102916 0.0567877
2 0.283946 0.761881 0.104136 0.0242545
2 0.487672 0.857431 0.187457 0.100472
2 0.111196 0.685598 0.104549 0.0525778
2 0.893291 0.0826641 0.122075 0.0709584
2 0.807764 0.857479 0.163008 0.0676013
2 0.870371 0.690223 0.101981 0.0565765
2 0.492649 0.760972 0.201269 0.0365181
0 0.718579 0.971465 0.0676079 0.0368549
2 0.433076 0.689463 0.0864722 0.0474095
3 0.490871 0.970701 0.0566419 0.03065
2 0.113679 0.0658052 0.0786356 0.042753
2 0.105451 0.760977 0.129155 0.0297015
7 0.264599 0.969736 0.0710578 0.0334433
