2 0.173833 0.856861 0.16322 0.075867
2 0.487225 0.858578 0.18873 0.0964753
2 0.871736 0.690502 0.104046 0.0545475
2 0.697753 0.763723 0.163121 0.0299437
2 0.893216 0.0817257 0.122305 0.072871
2 0.111961 0.0657611 0.0740953 0.0489289
2 0.809552 0.856621 0.154704 0.0702655
0 0.718871 0.971343 0.0674893 0.0365353
2 0.610156 0.689657 0.0835349 0.0573667
3 0.490793 0.970764 0.0578233 0.0309323
2 0.634245 0.0694584 0.0798833 0.0502095
2 0.371855 0.0680682 0.0974213 0.0568855
7 0.264712 0.969688 0.0707691 0.0343603
2 0.375719 0.688184 0.0911018 0.0539004
2 0.903371 0.762248 0.127278 0.0367624
