6 0.498959 0.400016 0.826097 0.0495077
6 0.497665 0.527713 0.809487 0.0460085
6 0.498723 0.463135 0.821856 0.0513338
6 0.494598 0.591451 0.812313 0.0456377
6 0.494543 0.656367 0.809336 0.0474387
6 0.496299 0.779645 0.805257 0.047486
6 0.495839 0.332122 0.834187 0.0603757
6 0.495686 0.718476 0.802293 0.0471945
0 0.100444 0.0839981 0.067253 0.0312344
6 0.493183 0.846102 0.80967 0.0451599
2 0.169818 0.907436 0.178922 0.0322351
0 0.718275 0.971504 0.0651147 0.0319601
7 0.260894 0.966793 0.0734642 0.0376608
2 0.201939 0.334052 0.232782 0.0309069
2 0.895305 0.0871186 0.110998 0.059262
