2 0.667664 0.162048 0.145372 0.0913294
2 0.487156 0.284839 0.159122 0.0924867
2 0.133466 0.880364 0.134792 0.0893537
2 0.48246 0.649952 0.11815 0.0794383
2 0.137895 0.646717 0.156453 0.0818706
2 0.663488 0.409442 0.159858 0.0831798
2 0.314373 0.287264 0.133165 0.0849152
2 0.314549 0.411352 0.136599 0.0782656
2 0.48114 0.762672 0.137027 0.0890168
2 0.138386 0.407601 0.163338 0.0855888
2 0.6666 0.284675 0.16922 0.0909929
2 0.308952 0.766168 0.122191 0.0821649
2 0.139115 0.283411 0.131736 0.0891875
2 0.312458 0.652429 0.113291 0.0785745
2 0.134676 0.525209 0.125122 0.0850789
2 0.312103 0.526168 0.137832 0.0849126
2 0.136936 0.768272 0.14029 0.0824003
2 0.315321 0.161131 0.153396 0.0910628
2 0.494609 0.161219 0.156086 0.0952116
2 0.308716 0.88064 0.14498 0.0881506
2 0.827547 0.762669 0.135138 0.0868854
2 0.138719 0.162737 0.154179 0.0916403
2 0.845492 0.287916 0.140862 0.0873801
2 0.484085 0.528313 0.115476 0.0843265
2 0.848077 0.164744 0.169966 0.088706
2 0.47766 0.885077 0.105024 0.082094
2 0.487646 0.410976 0.115931 0.0849634
2 0.663346 0.527851 0.151289 0.0830836
2 0.831594 0.527641 0.144574 0.084651
2 0.653478 0.886227 0.117067 0.0850222
2 0.661359 0.76013 0.166845 0.0916244
2 0.838479 0.408622 0.149723 0.0842478
2 0.659129 0.645672 0.170126 0.0796118
2 0.826412 0.888513 0.165298 0.0840375
0 0.715352 0.971445 0.0661875 0.0306423
3 0.489883 0.971263 0.065236 0.0297226
2 0.836383 0.651989 0.160836 0.0782333
7 0.259953 0.968852 0.082958 0.0346257
