8 0.501907 0.538268 0.684587 0.112694
5 0.493804 0.81707 0.933654 0.253776
2 0.502623 0.273831 0.680309 0.0736037
2 0.502982 0.352822 0.669809 0.0727067
2 0.0907568 0.0803779 0.0536395 0.0398974
2 0.499458 0.432613 0.677871 0.0710316
2 0.899088 0.088468 0.0957656 0.0604089
3 0.491245 0.973073 0.0612632 0.0296096
2 0.72627 0.0845447 0.241311 0.0645214
2 0.566944 0.193754 0.542765 0.0682206
7 0.265866 0.969087 0.071556 0.0366739
2 0.367972 0.639529 0.439697 0.0618007
0 0.719308 0.973359 0.0700054 0.0312902
