2 0.370877 0.904057 0.0918876 0.0594729
2 0.133692 0.905146 0.104923 0.0630456
2 0.846231 0.904962 0.105724 0.0669713
2 0.608766 0.905019 0.162284 0.0649612
2 0.789088 0.0776344 0.0707049 0.0354112
2 0.611017 0.154211 0.467108 0.0530858
0 0.714364 0.971401 0.0638297 0.0314762
2 0.896214 0.0858207 0.112275 0.0559255
0 0.0918542 0.0739724 0.0729863 0.0388063
3 0.486816 0.971014 0.0586929 0.0303184
7 0.25936 0.967461 0.0599458 0.0324078
2 0.204885 0.152725 0.33256 0.0559345
4 0.919724 0.235656 0.034257 0.0317763
2 0.461434 0.702115 0.560688 0.0754724
2 0.469774 0.807066 0.713053 0.0794362
2 0.834297 0.0260386 0.042049 0.0214208
2 0.786186 0.0259421 0.0419284 0.0224468
