1 0.521395 0.202904 0.778092 0.0662012
1 0.527947 0.377924 0.766335 0.0734053
0 0.723039 0.971257 0.0719666 0.0329416
1 0.503715 0.897419 0.772893 0.0662436
1 0.499646 0.588994 0.820262 0.100792
2 0.428428 0.479774 0.669288 0.0689621
0 0.0982794 0.0824998 0.0536533 0.0319002
3 0.495869 0.970975 0.0651432 0.0280196
1 0.499428 0.703472 0.792106 0.0741675
1 0.501656 0.802341 0.791123 0.0736932
7 0.267413 0.968464 0.0613577 0.0304288
1 0.503051 0.480318 0.813982 0.0683321
2 0.503757 0.802032 0.783452 0.0745538
2 0.89437 0.0910675 0.114323 0.0654642
2 0.147815 0.89924 0.079199 0.045524
