9 0.488598 0.810506 0.96166 0.249478
2 0.770074 0.661457 0.0699348 0.0341345
2 0.906237 0.662593 0.0870823 0.0409314
0 0.110001 0.0672612 0.0455959 0.0310352
2 0.493035 0.659566 0.0654415 0.0320715
3 0.487311 0.971154 0.0685315 0.0347883
2 0.182033 0.524628 0.170636 0.0821262
2 0.790337 0.530241 0.21469 0.0567444
2 0.184076 0.436371 0.168044 0.0721985
2 0.0794743 0.660765 0.0888326 0.04577
7 0.261032 0.968478 0.0655463 0.0367885
2 0.630961 0.660742 0.0732255 0.0377787
2 0.792533 0.433752 0.2164 0.0589542
2 0.370194 0.433941 0.479637 0.0759172
0 0.71487 0.970726 0.0808415 0.0380517
2 0.795431 0.339354 0.219531 0.0601177
2 0.357088 0.337036 0.50976 0.0724186
2 0.798887 0.243601 0.219937 0.0537389
