9 0.487033 0.810981 0.974066 0.251729
2 0.360198 0.434891 0.486945 0.0777968
2 0.769656 0.661327 0.0716109 0.0344707
2 0.35884 0.528966 0.474341 0.054624
0 0.107331 0.0674031 0.0406707 0.0321071
2 0.906806 0.662479 0.0862955 0.0416992
2 0.0798822 0.660559 0.0897591 0.0460105
3 0.486309 0.971483 0.0728115 0.033923
2 0.790733 0.530102 0.216878 0.0547327
2 0.431436 0.34002 0.33569 0.0594297
2 0.493114 0.659026 0.0644924 0.0314427
7 0.260119 0.968361 0.065356 0.0384139
2 0.790653 0.43432 0.219442 0.058607
2 0.631039 0.660682 0.0754292 0.0377118
2 0.183441 0.527602 0.136694 0.0631098
0 0.713506 0.971093 0.0800011 0.0376236
2 0.189528 0.436659 0.160083 0.0746054
2 0.798793 0.243401 0.221106 0.0540611
2 0.216825 0.659765 0.073972 0.0340481
2 0.79488 0.339587 0.224039 0.0598428
