2 0.317421 0.856965 0.437571 0.0600571
2 0.276444 0.778057 0.35217 0.055108
1 0.496032 0.778729 0.790309 0.0504864
1 0.517037 0.220077 0.773793 0.0504328
0 0.100382 0.0828889 0.0595664 0.0324874
0 0.719145 0.971242 0.0707733 0.0376888
2 0.306478 0.383834 0.402844 0.0574982
2 0.329019 0.700069 0.43938 0.0588016
1 0.503388 0.302799 0.799077 0.050841
7 0.261936 0.966146 0.0795862 0.0431439
1 0.500714 0.701058 0.778714 0.0554002
1 0.500801 0.542257 0.791977 0.0512363
1 0.498318 0.622435 0.79226 0.0518993
