1 0.484251 0.701526 0.862642 0.0572098
2 0.195698 0.228796 0.301596 0.0593449
2 0.212586 0.321756 0.345828 0.0595256
1 0.471162 0.914973 0.886279 0.0609688
1 0.506088 0.323571 0.875819 0.0642767
0 0.0977596 0.0835392 0.0556558 0.0321291
2 0.894675 0.0895303 0.118567 0.0641447
2 0.361903 0.554494 0.620836 0.0578618
7 0.264011 0.968538 0.0707452 0.034059
0 0.717696 0.973329 0.0608522 0.028895
1 0.869486 0.323779 0.119554 0.0457782
2 0.371834 0.777296 0.587139 0.0354927
2 0.404821 0.46985 0.63316 0.0584064
8 0.445357 0.0850636 0.719436 0.0417675
