2 0.667591 0.161867 0.145294 0.0912613
2 0.48773 0.284862 0.159979 0.0923582
2 0.314028 0.287711 0.133106 0.0842874
2 0.663459 0.409465 0.160235 0.0833097
2 0.666523 0.284794 0.168337 0.0904694
2 0.314689 0.411276 0.136452 0.0783046
2 0.138594 0.407489 0.163169 0.0862086
2 0.139389 0.283666 0.132598 0.0897119
9 0.487145 0.812005 0.959553 0.245065
2 0.311761 0.525676 0.137298 0.0855034
2 0.315464 0.161053 0.153163 0.0909411
2 0.13429 0.524455 0.126006 0.0843903
2 0.494384 0.161264 0.155954 0.0952042
2 0.663036 0.528108 0.150964 0.0834247
2 0.138721 0.163067 0.153707 0.0903359
2 0.847923 0.164523 0.168537 0.0882108
2 0.845059 0.287635 0.140189 0.0874255
2 0.831582 0.527878 0.144342 0.0844069
2 0.484838 0.527989 0.114806 0.0842628
2 0.487654 0.410996 0.114958 0.0858587
2 0.838598 0.408617 0.149951 0.0839755
2 0.768616 0.661797 0.0737932 0.0373668
3 0.489618 0.971392 0.0663019 0.0347541
7 0.263716 0.968397 0.0654431 0.0384259
2 0.0800494 0.659844 0.0915598 0.04809
2 0.906668 0.663454 0.0872881 0.0414856
2 0.631802 0.662535 0.0749101 0.0376718
0 0.717363 0.970817 0.077129 0.0387699
2 0.493672 0.660778 0.0659459 0.0302381
