2 0.36951 0.904729 0.093854 0.0639326
2 0.480037 0.381782 0.86902 0.0660011
2 0.134187 0.906445 0.111021 0.0659571
2 0.84575 0.907012 0.105851 0.0663696
2 0.609286 0.907303 0.156739 0.0645639
0 0.713444 0.972244 0.0643971 0.0315327
2 0.891816 0.702855 0.0658954 0.0315582
7 0.259442 0.968723 0.0619284 0.0338638
0 0.0930456 0.0740228 0.0731128 0.0418366
3 0.486463 0.97077 0.0575702 0.032012
4 0.895925 0.0874664 0.113511 0.0619275
2 0.169111 0.829562 0.252332 0.0559004
2 0.580993 0.834979 0.562413 0.053139
2 0.895483 0.0876108 0.113593 0.0620387
