2 0.258963 0.332628 0.314885 0.0548542
2 0.264623 0.41161 0.317086 0.0587891
2 0.273657 0.57096 0.30681 0.0578436
6 0.499759 0.8034 0.804142 0.0600195
2 0.263038 0.491767 0.305941 0.0553752
2 0.296915 0.727763 0.363423 0.0545668
2 0.265574 0.648754 0.303113 0.055846
6 0.502754 0.728962 0.793647 0.0564773
0 0.0988081 0.0823816 0.0562776 0.0327691
0 0.722649 0.972174 0.0683384 0.0355774
6 0.498751 0.882307 0.814344 0.0620891
6 0.49717 0.412102 0.819481 0.0597795
2 0.253401 0.80443 0.307403 0.0573416
3 0.492729 0.972996 0.0627328 0.027089
6 0.494534 0.493187 0.821078 0.0626222
0 0.26212 0.972934 0.073472 0.0349129
