2 0.845688 0.897004 0.1321 0.0690462
2 0.395119 0.251185 0.164886 0.100055
2 0.490315 0.894471 0.137865 0.0631741
2 0.214964 0.247947 0.15671 0.102346
2 0.212745 0.124667 0.158636 0.103189
2 0.315574 0.894813 0.138391 0.0662281
2 0.137377 0.895719 0.145592 0.0715808
2 0.667633 0.896737 0.142506 0.0696495
2 0.759604 0.110368 0.143095 0.0765021
2 0.575354 0.251338 0.150061 0.094994
2 0.577938 0.124648 0.146886 0.103717
2 0.57336 0.372767 0.137487 0.098458
2 0.396187 0.123758 0.158977 0.111449
2 0.751462 0.252143 0.144552 0.0973799
2 0.748222 0.373386 0.16018 0.0985302
0 0.716772 0.970772 0.0644643 0.035403
2 0.209359 0.373453 0.134961 0.1006
3 0.489399 0.971783 0.0574449 0.0303222
2 0.397283 0.376516 0.135883 0.103033
7 0.25927 0.970486 0.0621426 0.0309219
2 0.929085 0.251739 0.14183 0.104053
7 0.736604 0.0251472 0.0369356 0.0309001
2 0.932916 0.120695 0.134168 0.113487
