1 0.508691 0.409595 0.892963 0.058797
1 0.522528 0.198655 0.900867 0.0774761
2 0.237575 0.679601 0.335514 0.0552144
7 0.230128 0.962967 0.0695222 0.0336033
2 0.293332 0.333992 0.453713 0.0581484
0 0.101277 0.108106 0.0536718 0.0379088
3 0.497649 0.964447 0.0666483 0.0302633
0 0.769787 0.965165 0.060708 0.0342522
2 0.342112 0.484969 0.546001 0.0562627
2 0.284729 0.881336 0.438196 0.0364595
2 0.318672 0.604297 0.498886 0.0335736
2 0.210831 0.553765 0.274268 0.0289952
2 0.268478 0.271718 0.393227 0.0293283
2 0.24592 0.408897 0.344346 0.0351351
2 0.236907 0.79467 0.33251 0.0326373
2 0.497531 0.795843 0.886924 0.0557299
