9 0.48914 0.814987 0.962627 0.239032
2 0.315262 0.353885 0.158579 0.0900238
2 0.13262 0.211703 0.14056 0.0959265
2 0.31713 0.52714 0.141138 0.0916122
2 0.49419 0.528086 0.143389 0.0925307
2 0.671855 0.527995 0.169076 0.088151
2 0.13073 0.35388 0.152542 0.0901247
2 0.853022 0.528775 0.164502 0.0896944
2 0.484212 0.354558 0.122532 0.088586
2 0.14019 0.527274 0.141781 0.087789
2 0.642186 0.0856509 0.0591686 0.0300089
2 0.080623 0.658969 0.09136 0.0505109
3 0.484258 0.971043 0.0659381 0.0349707
7 0.259363 0.968682 0.0664517 0.0375223
2 0.669767 0.355488 0.131311 0.0896268
2 0.907442 0.661472 0.0950687 0.0466608
0 0.712076 0.970359 0.0802813 0.0395953
2 0.735934 0.661443 0.131229 0.0418155
2 0.860772 0.0855532 0.18666 0.0567251
4 0.0946068 0.0826758 0.0502577 0.0479041
2 0.352731 0.211602 0.0838045 0.0425644
2 0.0946807 0.082231 0.0480544 0.0464171
