2 0.667607 0.161944 0.145269 0.0915792
2 0.487323 0.285274 0.160264 0.090518
2 0.663618 0.409626 0.159442 0.0829809
2 0.314227 0.287592 0.133306 0.0838459
2 0.314532 0.41115 0.135868 0.0781793
2 0.665964 0.284661 0.16775 0.0903872
2 0.138352 0.407521 0.163868 0.085723
2 0.311751 0.525765 0.137053 0.0850699
9 0.487293 0.812351 0.960547 0.244824
2 0.139134 0.283709 0.13236 0.0896863
2 0.134572 0.52437 0.125421 0.0848308
2 0.315046 0.161103 0.152756 0.0911328
2 0.494876 0.16109 0.155479 0.0949328
2 0.139219 0.16291 0.153358 0.0909293
2 0.847904 0.164353 0.168029 0.0885081
2 0.663715 0.528144 0.151027 0.0838504
2 0.487369 0.410396 0.116542 0.0854065
2 0.845071 0.287596 0.140603 0.0876414
2 0.486579 0.528154 0.114105 0.0846401
2 0.83183 0.528058 0.144642 0.0848132
2 0.838667 0.408656 0.150443 0.0842348
2 0.769278 0.661742 0.0735047 0.0372092
3 0.489678 0.971134 0.0653917 0.0353146
2 0.0798812 0.659814 0.0920778 0.0481738
2 0.906718 0.663163 0.0895586 0.0428012
7 0.263599 0.968216 0.0655279 0.0382379
2 0.631406 0.662566 0.0761424 0.0377017
0 0.717355 0.970919 0.0766097 0.0384131
