2 0.257928 0.408195 0.309937 0.0548921
2 0.307907 0.486973 0.405471 0.0564015
2 0.326906 0.246338 0.440356 0.0555443
2 0.329226 0.328567 0.426129 0.0546858
2 0.335393 0.802109 0.445602 0.056583
2 0.340968 0.567002 0.440774 0.0538928
2 0.297038 0.881887 0.359127 0.0576785
2 0.3035 0.645663 0.364825 0.0565573
0 0.0994159 0.0836862 0.0633086 0.0305243
2 0.894159 0.088862 0.11366 0.0635909
2 0.26573 0.72403 0.29815 0.0549635
0 0.719114 0.973905 0.0626026 0.0323606
3 0.491681 0.973894 0.0624243 0.0259232
7 0.266722 0.971398 0.0678943 0.0340274
0 0.265325 0.971957 0.0746486 0.0358562
