9 0.490138 0.816408 0.955406 0.237957
0 0.113981 0.0790555 0.054506 0.0354526
3 0.489746 0.971695 0.0648624 0.0358351
8 0.537622 0.0827565 0.54962 0.0730376
7 0.264087 0.968549 0.0627066 0.0379181
2 0.367819 0.161303 0.553468 0.0765116
2 0.283041 0.393411 0.423775 0.0637692
2 0.289993 0.544279 0.446296 0.0590216
0 0.717841 0.971725 0.0738449 0.0377474
2 0.891636 0.080896 0.0857284 0.0418566
2 0.902702 0.662771 0.0819705 0.0393344
2 0.838517 0.0255981 0.0407044 0.0208479
2 0.899313 0.0256856 0.0704322 0.0230331
2 0.789291 0.0255997 0.0452957 0.0233703
