6 0.487394 0.823338 0.775298 0.0554874
6 0.492392 0.901756 0.771585 0.0609579
2 0.389262 0.521646 0.525672 0.0511657
2 0.375941 0.137971 0.166532 0.0495962
2 0.359463 0.596493 0.462152 0.0496559
0 0.0991726 0.0815502 0.0618153 0.0335891
2 0.276859 0.672856 0.332376 0.0520706
2 0.894807 0.0893619 0.112264 0.0639963
0 0.71652 0.97482 0.0644392 0.028888
2 0.591863 0.140835 0.240796 0.0482106
3 0.495653 0.972731 0.0658295 0.0275379
2 0.246001 0.900283 0.25877 0.0498685
2 0.299936 0.446509 0.341753 0.0540758
6 0.489962 0.749057 0.767584 0.054225
