2 0.249898 0.804982 0.293877 0.0472898
2 0.397449 0.586448 0.5878 0.0448632
2 0.291719 0.289329 0.374641 0.0492578
2 0.301243 0.660975 0.391218 0.046467
2 0.286156 0.878879 0.368301 0.041885
2 0.304326 0.73378 0.387381 0.0421601
2 0.265177 0.364839 0.316017 0.0505711
0 0.0968115 0.083059 0.0483584 0.0311158
0 0.722456 0.973002 0.0651721 0.034245
2 0.34999 0.51198 0.466215 0.0473082
2 0.281368 0.439403 0.341766 0.0448429
7 0.261683 0.971374 0.0672387 0.0316895
2 0.411895 0.215397 0.595631 0.0540404
4 0.899148 0.0869684 0.090535 0.0563347
