1 0.499662 0.477954 0.807835 0.109557
1 0.491309 0.737691 0.797398 0.0708499
2 0.447062 0.647946 0.713519 0.0558178
1 0.514794 0.329953 0.832798 0.124533
1 0.496901 0.899285 0.79076 0.0856805
1 0.502185 0.576082 0.820438 0.03966
2 0.895661 0.0881897 0.11455 0.0614815
0 0.102021 0.0838201 0.0675403 0.0317618
0 0.708089 0.975885 0.0581265 0.0289118
1 0.838618 0.73906 0.135612 0.0453652
1 0.841421 0.577835 0.139603 0.0482436
1 0.834738 0.878211 0.131142 0.0455286
7 0.252775 0.975115 0.0570299 0.0252378
