9 0.486445 0.777518 0.961735 0.299157
2 0.127537 0.604987 0.0705316 0.0331819
2 0.637995 0.171585 0.541689 0.0307153
2 0.342113 0.604918 0.0778019 0.0393468
2 0.508177 0.332456 0.253662 0.0334993
2 0.75661 0.606547 0.0772065 0.0353955
2 0.548467 0.605552 0.0784382 0.041234
2 0.472079 0.114702 0.249596 0.0383039
3 0.498692 0.965208 0.0929587 0.0352585
7 0.232054 0.96417 0.0789666 0.0392328
0 0.763214 0.963594 0.0860307 0.0330438
4 0.918598 0.607942 0.083766 0.0279423
2 0.615922 0.471955 0.12386 0.0321275
2 0.811504 0.471241 0.110163 0.0283847
2 0.163382 0.212968 0.217991 0.1213
