8 0.503926 0.372363 0.716587 0.0834584
8 0.50298 0.270716 0.720779 0.0844074
2 0.728875 0.0853229 0.241369 0.0646373
8 0.497039 0.470362 0.720141 0.0828456
8 0.498898 0.180633 0.725547 0.0900367
9 0.4868 0.812791 0.973601 0.24691
2 0.631385 0.661106 0.0738675 0.0383856
2 0.0905833 0.0795328 0.0555193 0.0373351
2 0.0800302 0.660241 0.0906677 0.0476725
2 0.901316 0.0865763 0.0963075 0.0564338
2 0.49249 0.659607 0.0684179 0.0336758
2 0.907299 0.662776 0.0936234 0.044305
3 0.489474 0.971465 0.0703767 0.0339621
7 0.262647 0.968917 0.0712935 0.0390327
2 0.769781 0.659962 0.0731341 0.0370801
0 0.717203 0.971175 0.0773362 0.0373461
2 0.504211 0.612972 0.411391 0.0307816
2 0.353383 0.660092 0.0824812 0.0272265
