2 0.372206 0.905202 0.165779 0.0674533
2 0.395967 0.378257 0.179741 0.0506943
8 0.404788 0.15839 0.672495 0.0744476
2 0.136706 0.90377 0.098807 0.061517
2 0.610842 0.906873 0.205123 0.0635863
2 0.855468 0.906532 0.133083 0.069993
2 0.417765 0.627156 0.268893 0.0609445
0 0.766781 0.967135 0.0556918 0.0289099
2 0.787734 0.379731 0.160188 0.0404527
2 0.908051 0.297447 0.10674 0.0553291
7 0.23006 0.963775 0.0577828 0.0301847
2 0.187691 0.377091 0.235773 0.0453986
3 0.498335 0.965344 0.0569434 0.0294087
2 0.60662 0.229309 0.186083 0.0267525
2 0.416252 0.539577 0.264997 0.0613669
2 0.397471 0.229441 0.147152 0.0287088
4 0.802451 0.294614 0.0315773 0.0328287
2 0.593519 0.379197 0.194217 0.0397913
2 0.165849 0.538925 0.219726 0.0704871
2 0.818734 0.227344 0.141599 0.0316256
2 0.165487 0.449745 0.214815 0.073592
