2 0.891099 0.083014 0.102943 0.0495104
2 0.855282 0.536524 0.162199 0.0803052
2 0.854424 0.627157 0.164028 0.0772363
2 0.894603 0.160496 0.120444 0.0637257
2 0.754656 0.0816601 0.0533879 0.0391357
2 0.175931 0.901659 0.180155 0.0729102
8 0.364078 0.0799309 0.654121 0.076918
0 0.71138 0.971602 0.0669445 0.0335452
2 0.808955 0.905597 0.186007 0.066196
7 0.256259 0.968031 0.0630967 0.0345026
2 0.110786 0.824627 0.0927797 0.0505643
3 0.48467 0.971839 0.0806478 0.0323461
2 0.133686 0.369767 0.225264 0.0485632
2 0.489864 0.904496 0.127386 0.0648569
