9 0.486255 0.776683 0.962909 0.30249
2 0.860409 0.505957 0.144174 0.0947288
2 0.322774 0.502592 0.140742 0.0955157
2 0.144617 0.497759 0.16591 0.0966268
2 0.908501 0.0870487 0.0548167 0.0295839
2 0.77107 0.234187 0.0926577 0.0546078
2 0.208669 0.308662 0.252294 0.0424019
2 0.385274 0.232606 0.62528 0.0803194
2 0.678392 0.503579 0.158022 0.0950089
3 0.498502 0.965351 0.0951001 0.034834
7 0.231703 0.964015 0.0770718 0.038712
2 0.739352 0.608025 0.1113 0.0314044
4 0.919538 0.60712 0.0829292 0.0296136
0 0.764104 0.963645 0.0840082 0.0325549
2 0.498609 0.606922 0.113746 0.0319919
8 0.504367 0.0914393 0.893565 0.0709491
2 0.506296 0.485181 0.155087 0.0694041
2 0.0802999 0.604496 0.0779576 0.0360988
