2 0.287462 0.500717 0.350758 0.0607587
2 0.2744 0.402457 0.326257 0.0608324
2 0.280917 0.304374 0.333636 0.0583664
2 0.254879 0.597141 0.283351 0.0639914
2 0.252033 0.693184 0.280582 0.0621586
2 0.734799 0.899997 0.194312 0.0360357
0 0.102531 0.108551 0.04723 0.0382843
2 0.828339 0.112614 0.0786828 0.0361777
0 0.769699 0.964574 0.0650193 0.0346403
2 0.255995 0.900458 0.160499 0.0331246
7 0.229179 0.963788 0.0760313 0.033906
3 0.497358 0.965137 0.0797655 0.0312762
2 0.25138 0.202965 0.299479 0.0497655
2 0.306522 0.792274 0.376701 0.0517484
4 0.922114 0.112391 0.041103 0.0380069
2 0.141627 0.790363 0.0826922 0.0390323
