9 0.489182 0.817818 0.96037 0.235294
2 0.26061 0.393454 0.363246 0.0632106
0 0.115247 0.0799377 0.0552538 0.0354563
2 0.377956 0.158933 0.595629 0.0674983
3 0.490137 0.971307 0.0686273 0.0343453
2 0.309491 0.240666 0.455257 0.0620538
7 0.264314 0.968733 0.0635498 0.0380068
2 0.904113 0.662315 0.0831149 0.04028
2 0.246336 0.316889 0.336885 0.0632733
2 0.451787 0.544008 0.741727 0.0644011
0 0.717869 0.971222 0.0740676 0.0376066
2 0.73052 0.66191 0.127749 0.0403151
2 0.245945 0.465646 0.340476 0.0547345
2 0.890095 0.0823593 0.0918256 0.043845
2 0.899539 0.0260526 0.0702919 0.0228782
2 0.838312 0.0260985 0.0415776 0.0211981
