8 0.365908 0.0786167 0.466584 0.0634808
2 0.809059 0.144498 0.254619 0.0620754
2 0.660822 0.0763596 0.054348 0.0389997
8 0.52826 0.381674 0.785529 0.0545233
2 0.795618 0.0789067 0.0588942 0.0395454
2 0.0792531 0.0750918 0.0582028 0.0373427
2 0.592489 0.144441 0.0591771 0.0479237
4 0.892832 0.0854953 0.104637 0.0555049
0 0.720971 0.9701 0.0718191 0.0378403
3 0.494231 0.970567 0.0695024 0.0322693
7 0.264832 0.968128 0.0886175 0.0417529
2 0.890735 0.0863269 0.107259 0.0565387
4 0.0915128 0.141506 0.0844977 0.0376104
2 0.381086 0.0804566 0.425948 0.041166
