2 0.303054 0.878707 0.411986 0.0548283
1 0.493384 0.80198 0.787062 0.0593761
0 0.726126 0.970968 0.071266 0.0340102
2 0.287472 0.649886 0.371252 0.0499761
1 0.499124 0.20721 0.824066 0.0914661
0 0.0992973 0.0819859 0.057635 0.0343327
1 0.490898 0.879236 0.799314 0.049963
2 0.259041 0.575176 0.313179 0.0517386
7 0.268157 0.968336 0.0714907 0.033458
2 0.89465 0.0899549 0.116128 0.063068
2 0.372222 0.323153 0.206378 0.0496954
3 0.495546 0.97079 0.0736716 0.0296249
1 0.495851 0.724491 0.780253 0.0417804
2 0.284437 0.723719 0.355098 0.0434839
1 0.493664 0.651459 0.793441 0.0445017
2 0.330975 0.429417 0.430149 0.0478058
