8 0.5039 0.384617 0.853829 0.0827844
8 0.497769 0.498265 0.840143 0.086217
9 0.486065 0.81406 0.972129 0.244907
2 0.0817817 0.656429 0.0928515 0.0555752
2 0.631024 0.661148 0.0665433 0.0382874
2 0.907955 0.662539 0.0886917 0.0445155
2 0.492056 0.659859 0.0626117 0.0318729
2 0.767645 0.661219 0.0729663 0.0371211
3 0.4942 0.971776 0.0705321 0.034726
7 0.269393 0.968648 0.0616068 0.0396971
0 0.0896257 0.0776563 0.0671722 0.0393966
0 0.721616 0.971234 0.078895 0.0370142
2 0.904432 0.0881903 0.118038 0.057324
