8 0.504387 0.372624 0.716149 0.084181
8 0.503287 0.2705 0.721713 0.0845283
2 0.728868 0.0852846 0.241846 0.0645101
8 0.496277 0.470593 0.721694 0.0833945
8 0.498727 0.180695 0.726206 0.0898188
9 0.486526 0.812978 0.960295 0.244568
2 0.630957 0.661077 0.0731794 0.0373907
2 0.0910426 0.0794008 0.0560678 0.0369
2 0.0802703 0.659639 0.0914422 0.0466698
2 0.492406 0.660196 0.0691861 0.0329685
2 0.901826 0.0866817 0.0978875 0.0563884
2 0.907296 0.66294 0.0924646 0.0443576
2 0.770005 0.660881 0.0740881 0.0386063
3 0.489996 0.971356 0.069673 0.0349716
7 0.263619 0.968478 0.0656703 0.0375941
2 0.504319 0.613072 0.411826 0.0302754
0 0.716827 0.971107 0.0775506 0.0372463
2 0.353372 0.66037 0.0811203 0.0266896
