9 0.48977 0.816675 0.960304 0.236688
2 0.338047 0.147488 0.527782 0.0672321
2 0.291873 0.216513 0.432137 0.0510128
7 0.260139 0.968549 0.0629943 0.0378336
3 0.484624 0.971154 0.069869 0.0341466
2 0.393617 0.345072 0.636412 0.0503645
2 0.343783 0.41229 0.53622 0.0534715
2 0.263381 0.474163 0.377686 0.0496738
2 0.340672 0.539216 0.539653 0.0549518
0 0.712373 0.97089 0.0807695 0.0377707
2 0.894845 0.0850499 0.110283 0.0531713
2 0.221382 0.279713 0.285607 0.0487258
2 0.228698 0.600315 0.309768 0.0467
2 0.113571 0.0750651 0.0800736 0.0441225
