6 0.501563 0.836921 0.810391 0.0594391
1 0.487561 0.91583 0.805084 0.0535226
0 0.0980532 0.0831381 0.0541438 0.0312317
1 0.513781 0.200853 0.786019 0.0522684
0 0.718324 0.973742 0.0641011 0.0304227
1 0.499214 0.760203 0.78043 0.0559179
2 0.303992 0.68109 0.397699 0.0567576
1 0.501878 0.443682 0.798957 0.0519727
6 0.496609 0.759805 0.795532 0.0604526
1 0.49989 0.522445 0.798874 0.0489208
1 0.492934 0.837621 0.787742 0.05396
0 0.26404 0.96974 0.0807061 0.038005
1 0.498832 0.601659 0.799139 0.0510017
1 0.499871 0.283113 0.811604 0.0569201
