2 0.27008 0.183074 0.328012 0.0488488
2 0.328166 0.62924 0.436684 0.0483694
2 0.403634 0.704031 0.599454 0.0441544
2 0.354028 0.777419 0.502068 0.0454056
2 0.355004 0.850583 0.506096 0.0354851
0 0.0968656 0.082765 0.0500758 0.0315534
2 0.410426 0.33609 0.607117 0.0477112
2 0.261473 0.921721 0.172818 0.0262745
2 0.228463 0.408942 0.24713 0.0487923
2 0.328207 0.260212 0.439123 0.0422025
0 0.717937 0.973621 0.0588914 0.0300601
2 0.246778 0.555098 0.279761 0.0478284
2 0.145796 0.921587 0.0712017 0.0301989
4 0.894505 0.0879931 0.100637 0.0583731
7 0.267292 0.967496 0.0728687 0.0338645
2 0.235956 0.481403 0.236777 0.0435356
