2 0.507938 0.244582 0.794688 0.07655
0 0.72317 0.971812 0.0677743 0.0305288
1 0.496663 0.842191 0.79041 0.0749561
1 0.507458 0.344291 0.815695 0.0720162
1 0.497728 0.74366 0.785857 0.0736232
1 0.520912 0.547196 0.772047 0.069184
0 0.0989463 0.0832544 0.05092 0.0309163
3 0.495704 0.970298 0.0649664 0.027865
1 0.507035 0.645523 0.795141 0.0688094
1 0.504567 0.446209 0.798761 0.0759958
1 0.493187 0.934619 0.802035 0.0537274
7 0.26755 0.967247 0.0633544 0.0282343
2 0.491643 0.345028 0.789833 0.0745694
2 0.906211 0.0262342 0.0649975 0.0244525
