6 0.518062 0.46047 0.886696 0.061095
6 0.515076 0.523547 0.876172 0.0535573
6 0.515284 0.586534 0.886707 0.0556394
1 0.506357 0.326193 0.880678 0.0543636
1 0.568939 0.197002 0.764301 0.0488684
1 0.545651 0.26354 0.803084 0.0496024
1 0.567381 0.782313 0.719725 0.0497974
0 0.102764 0.108609 0.0442541 0.0399862
1 0.571957 0.655484 0.727562 0.0506897
7 0.227766 0.96375 0.0615499 0.0300201
0 0.7674 0.966087 0.0580408 0.0294287
1 0.562981 0.718811 0.738215 0.0513083
1 0.568251 0.846436 0.714618 0.0429961
3 0.49782 0.965128 0.0630986 0.0285498
4 0.918513 0.112518 0.0754319 0.0419898
1 0.573576 0.394975 0.740893 0.0535824
2 0.918504 0.112156 0.0754927 0.0409039
6 0.520627 0.718224 0.886962 0.057211
1 0.539924 0.907504 0.778199 0.0482202
1 0.504183 0.589384 0.874803 0.054413
1 0.865502 0.911996 0.121558 0.0380708
1 0.874098 0.527136 0.113533 0.0407916
1 0.884429 0.263623 0.124304 0.0442422
1 0.541502 0.460458 0.787304 0.0533516
1 0.87093 0.656092 0.116367 0.0408246
1 0.869793 0.785027 0.114119 0.0384149
1 0.876668 0.461788 0.113818 0.0423155
1 0.879562 0.395797 0.119135 0.0437276
1 0.870661 0.719808 0.110152 0.0386746
6 0.521332 0.391407 0.892469 0.0641326
6 0.517593 0.653271 0.88764 0.0582278
