2 0.228511 0.242598 0.310608 0.0581002
2 0.304092 0.330985 0.473146 0.0544805
2 0.499606 0.645011 0.862076 0.0788827
7 0.229964 0.963058 0.0713552 0.034165
2 0.9234 0.111534 0.0804211 0.043335
2 0.225516 0.848267 0.323368 0.032244
2 0.356308 0.559492 0.568507 0.0351631
2 0.280897 0.470503 0.414737 0.0336562
2 0.320707 0.892962 0.520665 0.0332096
0 0.102533 0.108472 0.051341 0.0404039
3 0.497129 0.964389 0.0722655 0.0310641
2 0.26878 0.406149 0.397021 0.0347195
0 0.769605 0.964623 0.065744 0.0359165
2 0.382358 0.810244 0.641033 0.0335292
