2 0.135686 0.260397 0.136491 0.0900427
2 0.311887 0.381529 0.14167 0.0865022
2 0.660858 0.504228 0.158844 0.0848262
2 0.309711 0.739392 0.135376 0.0877415
2 0.308232 0.857665 0.147575 0.0913638
2 0.48123 0.739717 0.163529 0.0885856
2 0.134149 0.85791 0.146895 0.0893768
2 0.487243 0.261873 0.131838 0.0880807
2 0.829407 0.624367 0.137237 0.0828621
2 0.658357 0.625026 0.137174 0.0801766
2 0.664215 0.385201 0.15638 0.0839185
2 0.136925 0.622185 0.138352 0.0869278
2 0.483683 0.621818 0.136283 0.0875519
2 0.830578 0.747161 0.147597 0.0836502
2 0.31121 0.622672 0.145996 0.0829541
2 0.48633 0.505235 0.148692 0.0809541
2 0.487293 0.383189 0.139643 0.0884665
2 0.491136 0.148154 0.14563 0.0753727
2 0.138519 0.147972 0.140116 0.0755701
2 0.314625 0.261679 0.144319 0.0893081
2 0.66467 0.264398 0.122499 0.0845757
2 0.311306 0.505867 0.124187 0.0804739
2 0.135075 0.739184 0.174581 0.0909368
2 0.311068 0.146546 0.132105 0.0729458
2 0.65585 0.744198 0.131278 0.0785431
2 0.669697 0.147547 0.165035 0.0731963
2 0.835769 0.506757 0.162901 0.0795243
2 0.133626 0.503056 0.162418 0.0834599
2 0.136211 0.383312 0.165445 0.08765
2 0.844548 0.268389 0.168405 0.0805083
8 0.5104 0.0817143 0.84825 0.0531777
2 0.845092 0.14638 0.135931 0.0709244
2 0.845853 0.386582 0.130543 0.0902287
0 0.711472 0.969225 0.0795144 0.0418064
3 0.483215 0.971313 0.078783 0.0339157
7 0.252767 0.968955 0.090361 0.040021
