2 0.232253 0.308412 0.258788 0.0485948
2 0.391861 0.385295 0.571553 0.0450805
2 0.218807 0.458283 0.231289 0.0457608
2 0.235646 0.678826 0.229209 0.039368
0 0.0989626 0.0831481 0.0609882 0.0308729
2 0.298563 0.897967 0.396331 0.0435095
2 0.286612 0.825291 0.353731 0.036421
2 0.260016 0.60531 0.305064 0.0495202
2 0.226686 0.532515 0.22467 0.0369107
0 0.719714 0.97422 0.061713 0.0300752
2 0.412656 0.237807 0.602066 0.0456556
2 0.227861 0.751687 0.22753 0.0350434
4 0.89768 0.0872126 0.095841 0.0561702
7 0.263105 0.971185 0.0659711 0.0333338
3 0.494834 0.970785 0.0700323 0.0299844
1 0.497479 0.458993 0.787965 0.0433989
