2 0.27332 0.402534 0.325583 0.0607172
2 0.287325 0.500033 0.348312 0.0615937
2 0.28053 0.304458 0.334063 0.0581601
2 0.253201 0.69369 0.273997 0.0625918
2 0.252263 0.596702 0.291053 0.0637474
0 0.102587 0.108667 0.048473 0.0392752
2 0.828519 0.112765 0.0784731 0.0363281
7 0.228967 0.963919 0.0738274 0.0339389
2 0.256185 0.899659 0.164624 0.037167
0 0.769618 0.964533 0.0667336 0.0358945
2 0.734846 0.900479 0.204044 0.038427
3 0.497097 0.965633 0.0865781 0.0336876
2 0.251455 0.203126 0.300842 0.0487626
2 0.142369 0.789972 0.0857552 0.0395908
4 0.922328 0.112438 0.0411685 0.038063
2 0.319539 0.802729 0.426283 0.0776479
