9 0.490005 0.810267 0.959329 0.248589
2 0.0797315 0.660069 0.0913911 0.0487984
2 0.769958 0.660802 0.0711152 0.0377228
2 0.789963 0.596564 0.211999 0.0541944
2 0.44219 0.309529 0.3194 0.0751767
2 0.183304 0.215391 0.168232 0.0730515
2 0.630967 0.661544 0.0750729 0.0371436
2 0.800422 0.213683 0.218258 0.0567684
2 0.443707 0.406254 0.306901 0.0700524
2 0.491422 0.659627 0.065125 0.0310742
0 0.113009 0.0674733 0.0547259 0.0308444
2 0.796538 0.311098 0.219656 0.0599842
2 0.181912 0.306079 0.172237 0.0832268
2 0.905518 0.662765 0.0864461 0.0426175
2 0.793872 0.406265 0.218286 0.0583505
3 0.486627 0.971018 0.0687922 0.0351086
7 0.261335 0.968431 0.0635722 0.0373317
2 0.790568 0.501257 0.216033 0.0570888
2 0.449786 0.500536 0.325788 0.072529
2 0.178466 0.497335 0.167299 0.0815977
0 0.714922 0.970994 0.0791252 0.0377242
2 0.387321 0.210509 0.464235 0.0810184
2 0.182128 0.403465 0.173107 0.0820216
