9 0.486451 0.811273 0.972903 0.250356
2 0.0797274 0.660258 0.0922404 0.0495425
2 0.78883 0.596421 0.211527 0.0543755
2 0.769294 0.660824 0.0708882 0.0381366
2 0.797296 0.310966 0.221364 0.059059
2 0.442627 0.309242 0.319435 0.0747008
2 0.800334 0.214086 0.219203 0.0588181
2 0.182886 0.215337 0.167606 0.0733111
2 0.443976 0.406208 0.305903 0.0700654
0 0.11298 0.0675033 0.0538176 0.030699
2 0.491479 0.659102 0.0631815 0.0305891
2 0.631157 0.661282 0.0735383 0.0368341
3 0.487368 0.971359 0.0705736 0.0340585
2 0.794002 0.406025 0.218323 0.0568722
2 0.182968 0.306139 0.170118 0.0821949
7 0.261717 0.968299 0.0648752 0.0381909
2 0.790338 0.50124 0.217456 0.0568591
2 0.90511 0.662812 0.0855552 0.0425549
2 0.450653 0.500569 0.327327 0.073211
2 0.179215 0.497223 0.16673 0.0815353
0 0.714957 0.971262 0.0781748 0.037525
2 0.382633 0.21065 0.471837 0.0810372
2 0.353645 0.65963 0.0851709 0.0287106
2 0.806768 0.115437 0.215513 0.041579
2 0.217531 0.659387 0.0785729 0.0389926
