2 0.171885 0.887834 0.184077 0.0751126
2 0.490672 0.890429 0.180083 0.07776
2 0.879565 0.0841515 0.0914409 0.0511795
2 0.881696 0.165832 0.0638783 0.0318891
2 0.808745 0.893597 0.166882 0.0698944
2 0.830182 0.798539 0.161062 0.0783664
8 0.496446 0.0789734 0.631696 0.0482524
3 0.493889 0.972906 0.0837626 0.0373707
0 0.721479 0.971703 0.0683588 0.0333331
7 0.267456 0.969263 0.0791286 0.0373804
2 0.831796 0.793401 0.0706218 0.0357629
2 0.750045 0.164805 0.0855232 0.0388368
2 0.808038 0.881365 0.0650064 0.0386277
