2 0.13662 0.340949 0.13708 0.0878925
2 0.135869 0.700683 0.136851 0.0862767
2 0.658477 0.582467 0.158378 0.0854022
2 0.3086 0.817375 0.135197 0.0873017
2 0.657286 0.703351 0.137326 0.0800887
2 0.481354 0.817576 0.159893 0.0909189
2 0.830934 0.824437 0.153914 0.0834143
2 0.828183 0.702058 0.138077 0.0837842
2 0.139974 0.226665 0.141626 0.0824644
2 0.310125 0.466383 0.139341 0.0774997
2 0.831879 0.586024 0.16146 0.0796608
2 0.132414 0.817577 0.163958 0.0891191
2 0.66187 0.46469 0.15513 0.0821144
2 0.309785 0.700836 0.142602 0.0829334
2 0.482705 0.700209 0.13512 0.0874633
2 0.312652 0.219559 0.13736 0.0884585
2 0.490312 0.218495 0.14444 0.0952352
2 0.662767 0.346487 0.121645 0.0819757
2 0.484719 0.462499 0.141529 0.0878814
2 0.314094 0.341572 0.145174 0.0877429
2 0.485602 0.583018 0.146006 0.0812067
2 0.311202 0.583553 0.124793 0.0788934
2 0.137007 0.463331 0.165404 0.0837573
2 0.654317 0.822318 0.129228 0.0794382
2 0.134777 0.581705 0.168811 0.0835808
2 0.483513 0.345576 0.117069 0.0838214
2 0.672728 0.215867 0.169994 0.0953155
2 0.841284 0.217269 0.139235 0.0922464
2 0.839869 0.350677 0.167945 0.0785515
2 0.130392 0.917572 0.139673 0.0595519
2 0.843073 0.465696 0.126235 0.0899369
8 0.427654 0.0848068 0.702722 0.0526025
3 0.48324 0.972122 0.0689923 0.0285548
0 0.711315 0.969939 0.082264 0.0412552
7 0.254349 0.970283 0.0765767 0.0330197
2 0.489245 0.129876 0.11573 0.0251055
