1 0.503724 0.696876 0.877711 0.0506012
1 0.514833 0.635417 0.839518 0.0449132
1 0.507282 0.37759 0.880119 0.0524139
7 0.229348 0.963109 0.0704532 0.0319195
1 0.514648 0.440477 0.857396 0.0517802
1 0.518713 0.307876 0.865331 0.050629
1 0.516031 0.571548 0.859409 0.0438536
0 0.767392 0.965961 0.0609995 0.0313281
0 0.102239 0.108478 0.0557749 0.0400075
4 0.918351 0.111908 0.0790435 0.0419009
3 0.496697 0.964719 0.0735169 0.029303
1 0.507327 0.895506 0.868906 0.0545607
6 0.529314 0.829122 0.815543 0.0549808
1 0.507006 0.501911 0.879396 0.0550812
1 0.54379 0.762951 0.766353 0.0510968
1 0.870396 0.766248 0.110665 0.0398418
6 0.501341 0.760932 0.874676 0.056485
2 0.253092 0.827153 0.355996 0.0526023
1 0.874482 0.571571 0.109169 0.0397896
2 0.23325 0.376035 0.314065 0.0424023
1 0.577798 0.829273 0.698949 0.0456769
1 0.871627 0.636175 0.117421 0.0422374
1 0.877147 0.507648 0.118316 0.0419263
1 0.870475 0.700666 0.111065 0.0400479
1 0.885276 0.310355 0.126801 0.0469216
