8 0.503924 0.210536 0.726171 0.0885347
8 0.500856 0.31176 0.728401 0.0872901
2 0.729462 0.0850804 0.239255 0.0640166
2 0.499324 0.613325 0.663023 0.0709061
2 0.501059 0.535695 0.66324 0.0700815
2 0.498907 0.456945 0.666773 0.0710937
2 0.361948 0.896307 0.458966 0.0639356
2 0.0911051 0.0794961 0.0566735 0.0366973
2 0.504137 0.691484 0.654264 0.069581
2 0.901906 0.0870401 0.0970668 0.0568791
8 0.500979 0.796409 0.697409 0.119744
2 0.716671 0.971732 0.0567864 0.033365
3 0.487328 0.970263 0.0748536 0.0350711
7 0.259317 0.969355 0.0778423 0.0364116
