2 0.243901 0.469514 0.278821 0.0608052
1 0.499991 0.201448 0.839983 0.0527484
1 0.504631 0.278337 0.838141 0.0512312
0 0.764263 0.965009 0.0668225 0.030687
1 0.50947 0.366629 0.832737 0.0708184
7 0.332907 0.97067 0.0715429 0.0333012
1 0.545091 0.916515 0.846166 0.0578178
3 0.548143 0.967796 0.0739219 0.0319889
2 0.440693 0.634025 0.666031 0.0655098
0 0.097689 0.0917108 0.0575513 0.035245
2 0.466911 0.714944 0.69959 0.0461893
1 0.85185 0.358583 0.181136 0.0622277
2 0.445698 0.796472 0.63807 0.0686172
