2 0.49539 0.881646 0.130939 0.0865941
2 0.663521 0.650114 0.132324 0.0861007
2 0.510107 0.363174 0.138527 0.0696401
2 0.662076 0.769095 0.161534 0.0797226
2 0.500271 0.534264 0.131557 0.0882266
2 0.176314 0.280948 0.141171 0.0700089
2 0.176532 0.360956 0.13597 0.0674128
2 0.335288 0.648287 0.143696 0.0825592
2 0.169171 0.531519 0.158269 0.0879436
2 0.168639 0.649355 0.141517 0.0857179
2 0.332758 0.765456 0.130046 0.0832655
2 0.334865 0.532604 0.12956 0.0875509
2 0.669887 0.166324 0.134548 0.0772489
2 0.826805 0.766059 0.134669 0.0846228
2 0.166335 0.764447 0.127131 0.0862351
2 0.165574 0.881292 0.154599 0.0880489
2 0.828365 0.650446 0.149196 0.0862488
2 0.66839 0.530746 0.15246 0.0929622
2 0.4955 0.76306 0.143917 0.0865312
2 0.499356 0.648207 0.163863 0.087821
2 0.511768 0.281734 0.137343 0.0693314
2 0.829917 0.883983 0.147413 0.0895893
2 0.331978 0.882811 0.126993 0.0850346
2 0.1598 0.163974 0.132459 0.0806
2 0.357361 0.284194 0.137597 0.0615945
2 0.500266 0.165654 0.140088 0.078084
7 0.289178 0.974208 0.0640981 0.0326271
2 0.659468 0.884846 0.152358 0.084013
2 0.330932 0.164904 0.157598 0.0805772
2 0.689494 0.36285 0.132463 0.0569533
2 0.69149 0.285411 0.134988 0.0571799
0 0.722586 0.976547 0.0652146 0.0352699
2 0.356528 0.360943 0.138003 0.060219
3 0.506253 0.974944 0.0570456 0.0290985
8 0.47145 0.0976221 0.730857 0.048164
2 0.832935 0.5328 0.14982 0.0889486
2 0.890601 0.104488 0.112903 0.0581943
2 0.838103 0.169312 0.149555 0.0743031
