1 0.51046 0.409895 0.77612 0.0444494
1 0.510355 0.59959 0.771506 0.0449938
1 0.51277 0.281491 0.77326 0.0429624
2 0.252704 0.53613 0.243509 0.0386725
2 0.321001 0.849207 0.397066 0.0414416
1 0.513419 0.216652 0.763795 0.0409827
1 0.513688 0.346908 0.77008 0.0430132
1 0.510477 0.474138 0.773504 0.046422
1 0.509652 0.661274 0.771246 0.043185
2 0.285104 0.785601 0.31392 0.0405841
1 0.511744 0.788032 0.75982 0.0448693
1 0.51234 0.724846 0.763089 0.0421747
1 0.511112 0.536582 0.771946 0.0422958
2 0.277746 0.723649 0.287866 0.0376287
0 0.129051 0.100084 0.0470079 0.0306964
1 0.507233 0.850686 0.766761 0.0459378
0 0.72538 0.975514 0.055903 0.0326519
2 0.315248 0.473884 0.366948 0.0434902
2 0.29364 0.59858 0.325081 0.0411518
2 0.280377 0.21702 0.297145 0.0420257
7 0.290757 0.970861 0.0665852 0.0358158
2 0.273661 0.661539 0.280616 0.0361164
0 0.290944 0.97114 0.0650823 0.0357797
