2 0.509869 0.602057 0.256244 0.0371134
2 0.509079 0.541086 0.192115 0.0294342
2 0.891021 0.105306 0.114853 0.0650857
2 0.6216 0.893969 0.17078 0.0755909
2 0.392765 0.891625 0.237062 0.0802559
2 0.166796 0.890344 0.110151 0.0758625
7 0.294093 0.972342 0.0614779 0.0389477
2 0.849711 0.893443 0.187182 0.0772953
0 0.727998 0.975263 0.0679697 0.0380642
3 0.511473 0.974543 0.059823 0.0336672
2 0.651029 0.0988554 0.051917 0.0348948
4 0.896706 0.186507 0.0728087 0.0556375
2 0.777838 0.100789 0.079728 0.0398655
