1 0.508667 0.470754 0.775627 0.0460913
2 0.251612 0.595674 0.244622 0.037679
2 0.284812 0.844472 0.313944 0.0390419
1 0.510289 0.533849 0.772919 0.0458082
1 0.510831 0.407495 0.772995 0.0440613
1 0.510523 0.342536 0.776772 0.0450353
1 0.513521 0.278348 0.771184 0.0418893
1 0.509572 0.658462 0.769334 0.0433485
1 0.517846 0.21267 0.764005 0.041329
0 0.727177 0.976305 0.0613267 0.0323467
1 0.510677 0.720644 0.763864 0.0419324
2 0.277121 0.782831 0.288365 0.0384124
2 0.312776 0.533683 0.363562 0.043638
1 0.507569 0.910087 0.768949 0.043005
2 0.292766 0.657993 0.323324 0.0406166
1 0.511102 0.784071 0.757279 0.0441181
2 0.320776 0.907975 0.39509 0.0398891
0 0.129747 0.100036 0.0492332 0.0303793
2 0.261447 0.212819 0.265754 0.0418596
0 0.292576 0.972795 0.0703748 0.0367337
2 0.272978 0.720749 0.280304 0.0365182
1 0.507232 0.846198 0.761851 0.0403265
1 0.509398 0.596843 0.771306 0.0419468
2 0.25525 0.469482 0.25041 0.0404594
3 0.498287 0.973407 0.0964049 0.0431137
