2 0.890643 0.100109 0.10155 0.0599628
7 0.293016 0.972195 0.0588594 0.0336956
2 0.406707 0.158019 0.154237 0.029445
2 0.61857 0.909719 0.149222 0.05736
2 0.845921 0.909106 0.0956223 0.0691025
2 0.766292 0.0958971 0.0551994 0.0432246
2 0.648122 0.158415 0.170544 0.030479
0 0.726969 0.975307 0.057233 0.0336781
2 0.154155 0.640158 0.145893 0.0766944
2 0.1658 0.90904 0.096315 0.0610156
2 0.395953 0.907741 0.108686 0.0619762
3 0.509345 0.974746 0.0553818 0.0318662
2 0.154316 0.748951 0.156183 0.0824569
4 0.896285 0.563738 0.0390463 0.0376728
2 0.170036 0.158034 0.189028 0.0311036
8 0.468131 0.0966432 0.548556 0.0365931
2 0.898112 0.159585 0.167637 0.0312296
