6 0.512051 0.288974 0.808905 0.051541
6 0.511811 0.353678 0.803094 0.0500706
6 0.512137 0.416233 0.798059 0.048831
0 0.725204 0.976042 0.0679408 0.0328468
6 0.509495 0.73051 0.775132 0.0458913
6 0.509857 0.668376 0.779707 0.045977
6 0.509964 0.606228 0.785679 0.0465947
6 0.50763 0.480636 0.799042 0.0482906
7 0.289714 0.974303 0.0682119 0.0327164
6 0.507922 0.793108 0.775005 0.0465828
3 0.507089 0.974864 0.0583921 0.027829
6 0.516052 0.22214 0.802376 0.0464667
6 0.506425 0.54339 0.790206 0.0461855
0 0.132554 0.100691 0.061346 0.0329337
6 0.504902 0.855914 0.780704 0.045541
6 0.506442 0.91815 0.765623 0.0354592
