1 0.502854 0.236915 0.784943 0.0586758
2 0.384616 0.868101 0.44873 0.0439941
1 0.51336 0.466032 0.767813 0.0559685
0 0.10721 0.100362 0.0549261 0.0304759
1 0.511045 0.384858 0.766388 0.0574158
1 0.519417 0.545657 0.766039 0.055759
1 0.503368 0.311176 0.776862 0.0412868
0 0.765239 0.965514 0.0630323 0.0329155
1 0.523057 0.615479 0.766273 0.0409685
2 0.362869 0.805462 0.40462 0.0419216
1 0.506493 0.161137 0.789704 0.0487035
1 0.528359 0.740829 0.763771 0.0431214
1 0.526542 0.675542 0.767324 0.0424261
