9 0.504943 0.818014 0.913938 0.241474
2 0.500065 0.533148 0.132704 0.0875277
2 0.176681 0.361966 0.138886 0.0736119
2 0.511502 0.36275 0.138773 0.0733814
2 0.667224 0.239398 0.136005 0.0931282
2 0.169671 0.532104 0.15743 0.0889769
2 0.161562 0.237528 0.148573 0.0914408
2 0.67271 0.530458 0.151386 0.0932057
3 0.506167 0.974865 0.0629571 0.033427
2 0.834017 0.238247 0.145274 0.0948789
2 0.332279 0.241386 0.151378 0.0896207
7 0.290777 0.972118 0.0598331 0.0373335
2 0.498065 0.239567 0.140724 0.0930151
2 0.333921 0.53408 0.114201 0.0849756
0 0.724409 0.974921 0.0753386 0.0393429
2 0.11468 0.66981 0.0870492 0.0482051
2 0.356546 0.361185 0.141567 0.0654251
2 0.639936 0.671513 0.068911 0.0332684
2 0.77346 0.670868 0.067165 0.0349583
2 0.834193 0.532962 0.149327 0.0906996
2 0.508618 0.670251 0.0622923 0.0295233
2 0.905411 0.672734 0.084207 0.0419145
8 0.398507 0.100687 0.634804 0.0545417
2 0.692242 0.364376 0.14395 0.0634761
2 0.337153 0.626841 0.136635 0.045307
2 0.24518 0.668966 0.0683043 0.0353906
