1 0.532487 0.801374 0.765728 0.0740827
2 0.464421 0.310648 0.701379 0.0602014
1 0.523423 0.612775 0.778947 0.0564817
0 0.107632 0.100758 0.0616178 0.0325473
2 0.4404 0.700161 0.597006 0.0705023
1 0.499205 0.19346 0.785718 0.0506799
0 0.766735 0.965441 0.0696336 0.0362338
1 0.465715 0.898055 0.625753 0.0683418
2 0.283459 0.383904 0.328199 0.0347753
1 0.516744 0.537629 0.780399 0.0459093
2 0.865579 0.0950813 0.108352 0.0618187
2 0.484595 0.462732 0.717211 0.0753144
7 0.334828 0.970367 0.076791 0.0347985
2 0.467993 0.897393 0.623593 0.0677223
