9 0.505403 0.816484 0.914019 0.241321
3 0.509939 0.974931 0.0627089 0.033263
2 0.114885 0.669222 0.0896676 0.0496563
2 0.639792 0.668834 0.0669609 0.0418256
7 0.295212 0.971971 0.0604764 0.0370934
0 0.726402 0.974911 0.0741943 0.0380108
4 0.88522 0.362367 0.0278496 0.0351999
2 0.772071 0.667149 0.0634596 0.0415415
2 0.903689 0.670307 0.0914707 0.0473681
2 0.507019 0.668249 0.0594467 0.0363388
2 0.260233 0.530355 0.295007 0.0477816
2 0.393734 0.295869 0.578171 0.0594141
2 0.867851 0.532536 0.0679226 0.0333795
0 0.123596 0.0907556 0.0648871 0.0352648
2 0.892329 0.099805 0.105089 0.051158
2 0.513741 0.212754 0.829534 0.0578285
2 0.439436 0.417087 0.658648 0.0585799
