2 0.864171 0.0944161 0.109353 0.0599283
2 0.654013 0.662038 0.069198 0.0382574
2 0.129638 0.668964 0.0884886 0.0475578
7 0.326291 0.969891 0.0607641 0.0370924
2 0.917548 0.658082 0.0888255 0.0447195
3 0.540193 0.969081 0.0653092 0.0328697
9 0.533478 0.815267 0.924142 0.240805
0 0.755555 0.963887 0.0756905 0.0381836
2 0.388995 0.665249 0.0788577 0.0313903
2 0.786156 0.6579 0.064431 0.0374519
2 0.259955 0.666554 0.0644897 0.0321361
2 0.32404 0.540157 0.389132 0.0528185
2 0.522207 0.663002 0.0602818 0.0317851
2 0.10809 0.102082 0.0670461 0.0444355
2 0.307765 0.39106 0.374701 0.0321635
