7 0.292792 0.974937 0.0617381 0.0318
0 0.727591 0.976296 0.0610127 0.031678
2 0.662315 0.0898378 0.0675553 0.0440183
2 0.911331 0.0913235 0.0745952 0.0449825
2 0.505821 0.920104 0.11547 0.0550337
2 0.868657 0.922431 0.114455 0.0609268
2 0.143056 0.921559 0.08464 0.0593914
2 0.787782 0.0903297 0.0688616 0.0416459
3 0.510034 0.975745 0.0564978 0.0284469
0 0.900479 0.852009 0.0592885 0.0337749
2 0.688114 0.920185 0.0943691 0.0596323
2 0.324423 0.920261 0.133005 0.0592217
4 0.825843 0.70156 0.0291756 0.0428893
