2 0.4047 0.890651 0.474714 0.0551098
2 0.405796 0.814429 0.478329 0.0503662
2 0.405273 0.739222 0.470467 0.0513131
0 0.106204 0.100754 0.0527471 0.0319733
0 0.760054 0.967395 0.0659087 0.0336532
6 0.523095 0.510252 0.76738 0.0546225
6 0.524145 0.586806 0.752425 0.0542983
2 0.382897 0.435724 0.469452 0.0511043
6 0.422982 0.199365 0.605622 0.0585109
6 0.516583 0.27911 0.771512 0.0569217
1 0.514526 0.279459 0.76096 0.0545423
6 0.521289 0.356539 0.781296 0.0570955
2 0.379253 0.358134 0.477401 0.0527228
2 0.382149 0.512011 0.474635 0.0511241
2 0.482668 0.663653 0.633526 0.0517092
2 0.865637 0.0945697 0.107567 0.0611602
3 0.531948 0.968128 0.112755 0.0452652
