6 0.496032 0.179017 0.786637 0.0526304
0 0.108274 0.102965 0.0609854 0.0312699
6 0.495484 0.245542 0.784375 0.0472759
6 0.50133 0.439444 0.779417 0.0442827
6 0.500348 0.376991 0.776349 0.0444954
0 0.765247 0.970527 0.046404 0.0246708
1 0.505028 0.503405 0.768639 0.0443078
6 0.510961 0.566412 0.765061 0.0406592
3 0.5454 0.970111 0.0595108 0.0273052
6 0.499223 0.311705 0.783698 0.0469664
6 0.504643 0.502658 0.775466 0.0433309
1 0.498604 0.310888 0.782003 0.0464208
2 0.497622 0.441291 0.762307 0.0453186
