2 0.818608 0.656492 0.181368 0.0912145
2 0.818836 0.767167 0.18468 0.0875851
2 0.827341 0.432646 0.183175 0.0908524
7 0.288912 0.974088 0.0702385 0.0370777
2 0.191375 0.432514 0.182915 0.0944077
2 0.613075 0.434392 0.189695 0.0973381
2 0.818157 0.87997 0.181182 0.0927919
3 0.5066 0.974926 0.056841 0.0307339
2 0.402683 0.439545 0.184468 0.107193
0 0.724157 0.976225 0.066406 0.037266
2 0.681748 0.105826 0.0747958 0.0423886
2 0.791115 0.105799 0.0661768 0.0426945
5 0.411372 0.639979 0.601269 0.514262
2 0.821892 0.54463 0.181588 0.0911785
4 0.892385 0.108639 0.109524 0.0714421
2 0.891978 0.107908 0.109794 0.0706782
