2 0.459814 0.261569 0.701716 0.0616368
1 0.529648 0.754432 0.767799 0.0752995
0 0.107669 0.100552 0.0608383 0.031893
1 0.514259 0.49029 0.779029 0.0444403
1 0.51867 0.565674 0.77618 0.0564602
2 0.465391 0.852372 0.616737 0.0689976
2 0.47542 0.414527 0.702161 0.075518
0 0.765635 0.967174 0.0594726 0.0307517
1 0.53942 0.927235 0.773092 0.0393219
2 0.437724 0.653822 0.598966 0.0727663
2 0.28135 0.334992 0.331981 0.0352197
2 0.866619 0.0924479 0.106101 0.0563218
1 0.496431 0.148369 0.787094 0.0443581
7 0.336266 0.971528 0.0746752 0.0342179
