2 0.338493 0.935473 0.337559 0.037244
1 0.536109 0.793258 0.752402 0.0534512
0 0.105677 0.100156 0.0502073 0.0328354
1 0.532501 0.718177 0.747161 0.0532725
1 0.540808 0.868277 0.755049 0.0542408
0 0.761537 0.966784 0.0672453 0.0348362
6 0.525361 0.565028 0.766269 0.0518267
6 0.507772 0.175359 0.779789 0.0614534
6 0.524982 0.490261 0.769192 0.0551808
1 0.552552 0.336346 0.851992 0.05611
1 0.541007 0.490573 0.806604 0.0547695
1 0.522642 0.258688 0.802825 0.0542628
1 0.528287 0.640642 0.758158 0.0547269
1 0.515714 0.413981 0.77728 0.0538053
6 0.514844 0.413709 0.777396 0.0539075
6 0.518021 0.336181 0.789906 0.0557724
1 0.527288 0.565414 0.767129 0.0518469
6 0.539033 0.86659 0.756958 0.0552674
