1 0.533342 0.804078 0.74421 0.0536735
1 0.532273 0.652465 0.748702 0.0516295
0 0.106963 0.100706 0.0596098 0.032265
1 0.527298 0.577161 0.759947 0.0515502
1 0.532793 0.727943 0.748317 0.0536716
2 0.327746 0.941786 0.323949 0.031406
0 0.760958 0.965955 0.0679671 0.034378
1 0.526681 0.500759 0.766299 0.0546751
1 0.519779 0.878954 0.707303 0.0536446
2 0.402568 0.879888 0.477155 0.0531887
1 0.551003 0.425144 0.831057 0.0533951
1 0.563585 0.3473 0.862335 0.0539385
2 0.363232 0.190982 0.490955 0.0564038
1 0.509147 0.268266 0.768135 0.0554494
6 0.508643 0.268761 0.769905 0.0551198
