6 0.512172 0.288867 0.809509 0.0512136
6 0.505418 0.732146 0.781029 0.0439251
6 0.512278 0.3534 0.802253 0.0500636
0 0.724992 0.975902 0.0678017 0.0327192
7 0.289674 0.974152 0.0676867 0.033524
6 0.5055 0.669263 0.787674 0.0462555
6 0.5057 0.606418 0.793797 0.0473072
6 0.511238 0.415816 0.797656 0.0484758
6 0.515752 0.221924 0.803886 0.048138
6 0.507304 0.543376 0.788639 0.0455608
6 0.507865 0.481318 0.797511 0.0506879
3 0.506983 0.974931 0.0586699 0.0276543
6 0.503402 0.793186 0.782418 0.0449123
0 0.133272 0.10057 0.0622394 0.0332856
2 0.199181 0.418 0.188626 0.0362877
2 0.197242 0.353767 0.202171 0.0370607
6 0.505734 0.917461 0.768871 0.0340961
