2 0.502652 0.305348 0.134133 0.0920219
2 0.825562 0.776261 0.132694 0.0861548
2 0.495178 0.890912 0.144949 0.0856842
2 0.662401 0.779264 0.127456 0.0808126
2 0.332514 0.775285 0.138328 0.0830962
2 0.167028 0.776099 0.132701 0.0871253
2 0.666715 0.544799 0.148785 0.0873156
2 0.166476 0.659409 0.156488 0.0881878
2 0.497608 0.774521 0.130156 0.0874733
2 0.500265 0.54393 0.130302 0.0880328
2 0.335695 0.424947 0.134941 0.0859701
2 0.331669 0.891185 0.129535 0.0895485
2 0.839664 0.304414 0.134219 0.0912525
2 0.333211 0.662224 0.116147 0.0830604
2 0.334785 0.308112 0.130712 0.0850445
2 0.168184 0.310375 0.136548 0.0831475
2 0.169145 0.181375 0.158374 0.098521
2 0.498202 0.661362 0.143347 0.0833902
2 0.675339 0.304078 0.163529 0.0949798
2 0.664212 0.661162 0.147728 0.0874498
2 0.335425 0.183012 0.128417 0.0926788
2 0.335004 0.548827 0.133645 0.0767078
2 0.167631 0.544105 0.157909 0.0889622
2 0.167688 0.425233 0.128762 0.0870291
2 0.504913 0.184408 0.129304 0.0903434
2 0.830926 0.664107 0.157314 0.0839117
2 0.836041 0.433203 0.160004 0.0856164
2 0.667904 0.430064 0.116961 0.0824431
2 0.846542 0.186174 0.16423 0.0887021
7 0.292025 0.973392 0.0700353 0.0325924
2 0.829381 0.896145 0.137915 0.0848205
2 0.164471 0.89024 0.150941 0.0921452
2 0.503332 0.430562 0.0982999 0.081487
2 0.661009 0.895817 0.120616 0.0842128
2 0.839763 0.546333 0.114313 0.092448
0 0.724568 0.975978 0.0625349 0.0322696
2 0.671636 0.183847 0.149385 0.0907088
8 0.50139 0.098351 0.806662 0.0548509
3 0.508361 0.975052 0.0572492 0.0286515
2 0.892181 0.105703 0.0989169 0.0563068
