1 0.531948 0.801323 0.765234 0.0736217
2 0.464189 0.310762 0.699495 0.0600551
0 0.107507 0.100553 0.06206 0.0322697
1 0.516629 0.538805 0.77983 0.0431057
1 0.499052 0.192989 0.787039 0.0502145
0 0.76357 0.964995 0.0721797 0.0370366
2 0.283489 0.383857 0.326959 0.0340256
2 0.440476 0.699626 0.597453 0.0696923
2 0.476292 0.462846 0.699335 0.0757455
2 0.866025 0.0953307 0.109278 0.0626538
1 0.521393 0.613465 0.77361 0.0556544
1 0.465782 0.898101 0.626537 0.0681618
2 0.467195 0.897481 0.624704 0.0672414
7 0.334115 0.97156 0.0761162 0.0348946
