2 0.343221 0.229302 0.433545 0.0521902
2 0.370495 0.851121 0.489112 0.0490621
2 0.365377 0.30174 0.478817 0.0579039
2 0.474508 0.679295 0.699064 0.0578876
2 0.891422 0.103607 0.113281 0.0606349
2 0.34515 0.611197 0.436602 0.0526469
2 0.443109 0.406299 0.633166 0.0554085
7 0.289633 0.974024 0.0614524 0.0348166
3 0.506649 0.974705 0.0543839 0.0304565
0 0.723528 0.975221 0.0647161 0.0400929
2 0.173582 0.921889 0.0912297 0.0534199
2 0.467577 0.542727 0.693343 0.0549911
2 0.47472 0.476813 0.701575 0.0531103
2 0.305678 0.917607 0.363472 0.0493761
2 0.288031 0.157736 0.333937 0.054594
2 0.253699 0.782908 0.251086 0.0507136
2 0.175285 0.156706 0.0950535 0.0519171
