2 0.448439 0.288858 0.657852 0.0470876
2 0.401605 0.355388 0.577001 0.0510704
2 0.450256 0.476691 0.669957 0.0485078
2 0.406492 0.221582 0.573702 0.0484115
7 0.29178 0.974667 0.0650149 0.0306073
8 0.498878 0.662879 0.773528 0.0678645
2 0.386272 0.785789 0.551828 0.0573228
2 0.153369 0.121017 0.134274 0.0754883
2 0.372393 0.5406 0.51119 0.042366
3 0.508491 0.975359 0.0565332 0.0280865
0 0.72685 0.977332 0.0684973 0.032424
2 0.847637 0.904659 0.0612428 0.0364021
2 0.245916 0.662755 0.238839 0.0405
2 0.168432 0.910883 0.135849 0.0620987
