2 0.747508 0.753102 0.323354 0.0748614
2 0.686314 0.920452 0.122614 0.057851
2 0.324012 0.919935 0.134388 0.0555923
7 0.291699 0.975117 0.0657206 0.03346
2 0.660582 0.0881775 0.0621124 0.0427182
2 0.142524 0.920615 0.0859325 0.0593598
2 0.50498 0.919825 0.115414 0.0534433
0 0.726708 0.977569 0.0612669 0.033774
3 0.509731 0.975815 0.061009 0.0297504
2 0.869129 0.92249 0.110678 0.0625851
2 0.893547 0.102176 0.114928 0.0652668
2 0.786307 0.0891772 0.0579685 0.0359924
0 0.899694 0.851825 0.0601352 0.0376549
