1 0.531473 0.801401 0.765058 0.0740932
2 0.464516 0.31055 0.700099 0.0605605
0 0.107326 0.100677 0.0621094 0.0327613
1 0.498642 0.193177 0.786382 0.0501661
2 0.440246 0.699916 0.59676 0.0702385
0 0.770179 0.965874 0.0697464 0.0367952
1 0.51669 0.538326 0.778214 0.0443438
2 0.866026 0.0951009 0.108521 0.0617593
1 0.521976 0.613212 0.774868 0.0554762
2 0.283623 0.383944 0.32756 0.0347598
1 0.465698 0.898172 0.625806 0.0678995
2 0.466753 0.89748 0.622946 0.0669934
7 0.334215 0.971036 0.0761013 0.0340219
2 0.470934 0.462906 0.693457 0.0775032
