1 0.509046 0.662802 0.767954 0.0440047
1 0.510754 0.347643 0.774591 0.0446559
1 0.511759 0.787571 0.758919 0.0451099
1 0.510801 0.411134 0.773944 0.043765
1 0.50794 0.724546 0.767113 0.0453255
1 0.513183 0.47495 0.769433 0.0447649
1 0.512228 0.218463 0.768998 0.0442012
1 0.505214 0.91598 0.768047 0.0464923
1 0.51601 0.537121 0.760246 0.0445955
1 0.510956 0.600408 0.765495 0.0425162
1 0.512935 0.282448 0.767892 0.0416292
1 0.513501 0.849831 0.750562 0.0425125
2 0.264938 0.41059 0.268133 0.0379902
0 0.128601 0.0999498 0.0457259 0.0302697
2 0.268041 0.537696 0.261176 0.0365582
2 0.265203 0.599544 0.257484 0.0359133
0 0.726907 0.975574 0.0591509 0.0311986
2 0.264869 0.912014 0.27474 0.0378354
2 0.301177 0.47498 0.326771 0.0386509
0 0.292019 0.972362 0.0672013 0.0360504
2 0.311688 0.347528 0.365403 0.0427075
7 0.29197 0.972911 0.0691007 0.035429
2 0.320759 0.725017 0.381409 0.0422309
3 0.507144 0.974506 0.0631469 0.0302822
