2 0.17548 0.338748 0.139665 0.0700461
2 0.663006 0.705815 0.132512 0.0872647
2 0.166923 0.81955 0.123156 0.0892775
2 0.510706 0.339629 0.137816 0.069003
2 0.829675 0.708932 0.156188 0.0842844
2 0.168438 0.706285 0.144593 0.0869397
2 0.826209 0.924399 0.139419 0.0671032
2 0.661361 0.820451 0.152447 0.0865829
2 0.666823 0.219153 0.128523 0.0892637
2 0.834005 0.216964 0.145841 0.0959741
2 0.162085 0.215855 0.134438 0.0940489
2 0.331879 0.823713 0.116378 0.0807049
2 0.176276 0.417131 0.128947 0.0698363
2 0.168959 0.588563 0.15904 0.0893104
2 0.328941 0.217424 0.138446 0.0971333
2 0.496594 0.820258 0.149792 0.0856445
2 0.498034 0.589204 0.135477 0.0912683
2 0.333284 0.703149 0.144023 0.087174
2 0.660699 0.924436 0.134946 0.065905
2 0.668427 0.587054 0.151323 0.0903948
2 0.833415 0.587415 0.153961 0.0938095
2 0.82808 0.824393 0.126673 0.0846152
2 0.4975 0.703639 0.148857 0.0908866
2 0.685643 0.421425 0.132482 0.0607655
2 0.498844 0.21833 0.13504 0.0902147
2 0.332501 0.591069 0.110306 0.083517
2 0.3308 0.923198 0.130668 0.0592428
2 0.496437 0.922999 0.114129 0.057717
2 0.353036 0.418566 0.136894 0.0592167
7 0.294452 0.973771 0.0713384 0.0321227
0 0.728506 0.976389 0.0579148 0.0301124
3 0.510982 0.975724 0.0593888 0.0287655
2 0.166838 0.922041 0.133173 0.0630858
8 0.481029 0.0984085 0.75536 0.0542824
2 0.513025 0.420084 0.104784 0.0589079
2 0.891295 0.106622 0.100284 0.0585388
2 0.357294 0.341738 0.142294 0.0636125
