2 0.288411 0.476357 0.316569 0.0494143
2 0.889638 0.106444 0.110456 0.0615366
2 0.340465 0.5442 0.422284 0.0470304
2 0.336079 0.918059 0.43337 0.047905
2 0.36204 0.61365 0.464159 0.0505131
2 0.433546 0.717341 0.612577 0.0493494
0 0.730601 0.975092 0.0703296 0.0356646
2 0.309933 0.407278 0.360002 0.0516587
2 0.457104 0.850562 0.670549 0.049696
2 0.458134 0.785507 0.671557 0.0505128
7 0.293617 0.973426 0.0626911 0.0327547
3 0.511571 0.974973 0.060126 0.0337158
2 0.17697 0.337967 0.0910511 0.0516718
2 0.173393 0.920112 0.0912903 0.0515894
