2 0.408469 0.895757 0.47427 0.0534479
2 0.865182 0.0954933 0.110156 0.0627815
0 0.105567 0.100645 0.0530326 0.0334782
0 0.760304 0.967212 0.0654452 0.0345108
1 0.528703 0.591689 0.746302 0.0511189
1 0.537842 0.668258 0.755752 0.0509615
6 0.51551 0.362684 0.756498 0.0559292
1 0.537453 0.818717 0.741047 0.0528728
6 0.513439 0.438926 0.76517 0.0521618
1 0.515403 0.438889 0.765364 0.0517477
6 0.510836 0.283404 0.783359 0.0576366
6 0.514273 0.202055 0.780502 0.0599668
1 0.538957 0.743548 0.741579 0.0523372
1 0.527905 0.514274 0.768179 0.0554839
1 0.525747 0.36297 0.771208 0.0549504
7 0.32462 0.97151 0.0760577 0.0381168
6 0.536319 0.817456 0.760284 0.0554672
6 0.538897 0.743053 0.745395 0.0534738
3 0.541917 0.967599 0.0715451 0.0328994
