1 0.510445 0.456268 0.781981 0.0759397
2 0.430605 0.668279 0.575735 0.0584158
1 0.498884 0.18521 0.785709 0.0652225
1 0.521126 0.566646 0.783123 0.0977665
0 0.107416 0.100572 0.059531 0.0317412
2 0.388049 0.738254 0.484094 0.0350784
1 0.541909 0.830698 0.786 0.100893
1 0.447138 0.924771 0.587869 0.0524769
2 0.396836 0.271065 0.578858 0.0619969
0 0.76831 0.967956 0.0541627 0.0285524
7 0.332975 0.971326 0.0586043 0.0301765
1 0.502895 0.359941 0.773447 0.0771432
3 0.550958 0.970765 0.0545543 0.0241812
