2 0.891119 0.105331 0.118626 0.0694878
2 0.322277 0.920883 0.12699 0.0553641
7 0.292476 0.974611 0.0632994 0.0308323
2 0.143351 0.921398 0.0903249 0.0521381
0 0.727625 0.976787 0.0615263 0.0325712
2 0.505899 0.920048 0.103383 0.0494559
2 0.687011 0.919151 0.126968 0.0560908
2 0.868865 0.921975 0.118555 0.0575523
2 0.883676 0.590652 0.130022 0.0848646
2 0.885789 0.484417 0.126472 0.0650199
2 0.881471 0.670027 0.124738 0.0515027
3 0.510109 0.975944 0.0534122 0.026485
2 0.88597 0.764931 0.130711 0.0634315
2 0.890617 0.311225 0.129268 0.0914207
2 0.889886 0.392644 0.128397 0.0550848
