2 0.825598 0.776353 0.132987 0.0843807
2 0.503097 0.305207 0.134714 0.0911656
2 0.495554 0.890775 0.1456 0.0853631
2 0.332384 0.775504 0.139122 0.0821116
2 0.662058 0.779155 0.128887 0.0797281
2 0.335806 0.424519 0.135436 0.0852975
2 0.166916 0.775965 0.133387 0.0864918
2 0.667298 0.54438 0.148848 0.0858188
2 0.663729 0.660874 0.148259 0.0854534
2 0.166335 0.658989 0.157289 0.0872854
2 0.497478 0.774483 0.130612 0.0871477
2 0.331801 0.891197 0.128623 0.0887264
2 0.500279 0.543459 0.130366 0.0858809
2 0.675651 0.303681 0.164174 0.0936992
2 0.333648 0.662036 0.116463 0.0813372
2 0.334566 0.307685 0.13101 0.084785
2 0.169917 0.181328 0.160342 0.0981514
2 0.826117 0.896648 0.126965 0.0834565
2 0.498515 0.661255 0.143121 0.082054
2 0.168286 0.309781 0.135635 0.0827613
2 0.836049 0.433166 0.15971 0.0837111
2 0.839539 0.303852 0.134413 0.0893099
2 0.336104 0.182994 0.128634 0.0919676
2 0.505138 0.184618 0.130056 0.0892442
2 0.16809 0.543523 0.156565 0.0877095
2 0.831176 0.664351 0.156247 0.0823918
2 0.335552 0.548681 0.134272 0.0764415
2 0.662091 0.896075 0.122282 0.0818491
2 0.167593 0.424902 0.128593 0.0864119
2 0.16449 0.890638 0.152614 0.090382
2 0.668158 0.429599 0.116682 0.0812755
7 0.292495 0.973408 0.0694204 0.0315856
0 0.726105 0.976074 0.0621749 0.031464
2 0.84671 0.187628 0.163117 0.0848226
2 0.503371 0.429756 0.0994955 0.0808214
2 0.672458 0.18428 0.149634 0.0893436
2 0.891035 0.105328 0.107813 0.0590432
8 0.466019 0.0986996 0.730692 0.053337
3 0.509197 0.975019 0.056845 0.0283555
2 0.840329 0.546111 0.118439 0.0904346
