1 0.502826 0.237021 0.785666 0.0586958
1 0.514373 0.466209 0.771091 0.0560625
2 0.383861 0.868318 0.448522 0.0426682
1 0.859326 0.795817 0.114535 0.0407696
0 0.106997 0.100442 0.0542302 0.0307275
1 0.519796 0.545343 0.767363 0.0554094
1 0.510661 0.384977 0.768839 0.0578525
0 0.766698 0.968807 0.0604356 0.0292817
1 0.506389 0.311413 0.775534 0.0418355
1 0.522442 0.615179 0.766406 0.0414368
1 0.505576 0.160899 0.789731 0.0490551
1 0.52877 0.740519 0.765916 0.0426943
2 0.362062 0.80551 0.406034 0.041964
1 0.526274 0.675422 0.767707 0.0415121
