2 0.400791 0.487098 0.548808 0.0563135
2 0.262484 0.249031 0.317144 0.0569075
2 0.268881 0.565764 0.270957 0.0518207
2 0.301819 0.641932 0.323141 0.0517943
2 0.300134 0.718907 0.308569 0.0536564
2 0.273361 0.796253 0.249071 0.054068
2 0.265428 0.33113 0.303498 0.0563689
0 0.107659 0.100633 0.0612466 0.0306244
2 0.205953 0.410948 0.175402 0.0548362
0 0.764364 0.966739 0.0591323 0.0302804
0 0.334596 0.972398 0.068437 0.0335451
8 0.472559 0.0952784 0.618388 0.0494479
3 0.553172 0.970313 0.0670665 0.0289527
2 0.866067 0.0950111 0.111006 0.0625249
7 0.333587 0.973435 0.070083 0.0314867
