2 0.388912 0.797093 0.478937 0.0554514
2 0.290162 0.565234 0.310883 0.0520926
2 0.391926 0.331102 0.549395 0.0562135
2 0.258901 0.410401 0.271395 0.0529119
2 0.291996 0.486989 0.324331 0.052009
2 0.263872 0.643441 0.249427 0.0539906
0 0.766903 0.963279 0.0688961 0.0346512
2 0.25532 0.876395 0.199712 0.0543602
0 0.107681 0.10043 0.0620945 0.0318599
3 0.550478 0.967832 0.0612222 0.0307505
8 0.472973 0.0938636 0.61661 0.0496694
2 0.19387 0.25362 0.175114 0.0532562
2 0.249256 0.169518 0.309918 0.0583169
2 0.313199 0.939342 0.316933 0.030592
7 0.332585 0.971704 0.0620524 0.0304859
2 0.205275 0.721766 0.12323 0.0543431
