2 0.243369 0.468556 0.276902 0.0602001
0 0.764032 0.965016 0.0652871 0.0305718
1 0.499818 0.202234 0.842564 0.0504583
1 0.503608 0.278697 0.838152 0.0480369
7 0.332374 0.970547 0.071504 0.0334316
1 0.507289 0.367764 0.83398 0.071125
1 0.54421 0.916295 0.842046 0.0555291
3 0.547962 0.967971 0.0702468 0.0311388
2 0.436152 0.632736 0.650676 0.062784
2 0.467128 0.712836 0.692185 0.0425248
0 0.0982169 0.0917862 0.0596588 0.0358975
2 0.445187 0.545979 0.671549 0.0465018
1 0.850742 0.358472 0.182028 0.0617099
2 0.443973 0.796654 0.634357 0.0674143
1 0.846389 0.272055 0.171368 0.058719
