2 0.397691 0.805639 0.497426 0.0530284
2 0.436957 0.727181 0.588733 0.0554848
2 0.297002 0.883745 0.282311 0.0512459
1 0.499416 0.277558 0.788301 0.0810847
2 0.416212 0.570999 0.572452 0.0571535
2 0.450973 0.649343 0.630029 0.0528891
0 0.106508 0.100191 0.0605457 0.0318566
1 0.515313 0.470226 0.782898 0.102468
1 0.50034 0.369074 0.78305 0.0593
0 0.76267 0.964937 0.0688164 0.0354169
2 0.865118 0.0942636 0.110905 0.0607532
7 0.328001 0.976042 0.0685131 0.0313686
2 0.285876 0.944406 0.259501 0.0201286
