1 0.532624 0.801681 0.764852 0.0732994
2 0.464736 0.309734 0.702944 0.0609509
0 0.107655 0.100808 0.0624159 0.0326634
1 0.498494 0.19327 0.785606 0.0502035
1 0.517146 0.538051 0.778937 0.0449222
2 0.440758 0.700109 0.596085 0.0704281
0 0.767768 0.966393 0.0681127 0.0356766
1 0.522462 0.613021 0.774439 0.0555464
2 0.865585 0.0952852 0.109241 0.0620462
2 0.473423 0.462721 0.700891 0.0762955
1 0.466286 0.898453 0.626115 0.0677731
7 0.334191 0.971078 0.0756444 0.0348705
2 0.46769 0.897798 0.62429 0.0669098
2 0.283883 0.383818 0.331923 0.033783
