2 0.384521 0.479628 0.524935 0.0603794
2 0.403515 0.614711 0.561696 0.0434537
2 0.152827 0.117683 0.134885 0.0693874
2 0.365559 0.280385 0.491705 0.0438832
2 0.444786 0.677008 0.647814 0.0475775
2 0.35871 0.402131 0.481347 0.0426285
2 0.372483 0.212005 0.508047 0.0384232
2 0.847724 0.904515 0.0609514 0.0346402
2 0.398614 0.742719 0.569613 0.0498879
7 0.291164 0.974841 0.0648404 0.0304359
3 0.507624 0.975357 0.0569479 0.0279946
0 0.726025 0.977577 0.0682192 0.0324123
2 0.168275 0.912767 0.131693 0.0584805
