1 0.499996 0.268345 0.784237 0.0622708
1 0.509726 0.436336 0.782274 0.0763666
1 0.513456 0.52458 0.778922 0.0579421
1 0.524405 0.624157 0.775969 0.099074
2 0.460128 0.803447 0.620019 0.0555334
2 0.428623 0.724292 0.57041 0.0547215
0 0.106799 0.101093 0.0632277 0.0307061
0 0.761374 0.967523 0.0677102 0.0338261
2 0.446038 0.878325 0.591608 0.0561298
7 0.328189 0.972899 0.0661851 0.0308105
1 0.495755 0.19032 0.794589 0.0478577
2 0.865066 0.0945617 0.108879 0.0613807
3 0.545166 0.969766 0.0662258 0.0289661
1 0.446977 0.878065 0.594932 0.0568887
