2 0.272161 0.410148 0.302048 0.0559361
2 0.269219 0.328922 0.308271 0.0560353
2 0.348978 0.176603 0.493166 0.0611513
2 0.307094 0.719021 0.322763 0.0524597
2 0.274169 0.642695 0.269106 0.0511576
2 0.406395 0.565118 0.54913 0.0552521
2 0.304696 0.796214 0.309853 0.0531765
2 0.279709 0.873311 0.248019 0.0529664
0 0.107481 0.100776 0.0614141 0.0306784
0 0.766464 0.966494 0.0579626 0.0320084
2 0.213792 0.488618 0.171466 0.0538803
3 0.548688 0.969028 0.060329 0.0291252
7 0.333395 0.972881 0.0636449 0.0308147
2 0.293105 0.259666 0.365745 0.0328336
