2 0.419638 0.758379 0.547797 0.0562949
1 0.522341 0.679947 0.768143 0.0550722
0 0.107822 0.100479 0.0607142 0.0306139
1 0.542278 0.853487 0.780139 0.0908523
1 0.498024 0.226322 0.778844 0.0405548
0 0.769115 0.968712 0.0578148 0.0275265
2 0.422724 0.393915 0.607935 0.0775177
2 0.44861 0.594439 0.630495 0.0728654
1 0.512506 0.495601 0.776908 0.0778187
1 0.502599 0.30213 0.77606 0.059
0 0.336018 0.972628 0.0721108 0.0341905
2 0.502686 0.301908 0.779721 0.059715
7 0.335421 0.972663 0.0756378 0.0339786
