6 0.513694 0.289544 0.804512 0.0482561
6 0.506899 0.668291 0.784908 0.0451311
6 0.512139 0.353517 0.801857 0.0475007
0 0.725005 0.975911 0.0676621 0.0330187
6 0.505786 0.731449 0.782071 0.0473751
6 0.509093 0.416775 0.803653 0.0472647
6 0.506457 0.606477 0.791907 0.0473613
7 0.289567 0.974357 0.0681786 0.032486
6 0.513959 0.223345 0.803541 0.0474892
3 0.506808 0.97488 0.0586845 0.028038
6 0.506402 0.793087 0.774747 0.0451185
6 0.507646 0.543076 0.795894 0.0453917
6 0.506659 0.481587 0.797857 0.0462294
6 0.519592 0.159867 0.795188 0.0451793
0 0.132405 0.100648 0.0610564 0.0333955
6 0.504184 0.857035 0.779004 0.0465811
2 0.2119 0.917248 0.182279 0.0282635
