2 0.497102 0.769072 0.131501 0.0864086
2 0.668734 0.421169 0.152255 0.0834545
2 0.330695 0.885495 0.134007 0.0886366
2 0.170464 0.6554 0.155875 0.0864449
2 0.671775 0.299608 0.155873 0.0874379
2 0.667343 0.768586 0.15668 0.0889471
2 0.332262 0.772646 0.119207 0.0796488
2 0.168939 0.420501 0.155523 0.0859253
2 0.841723 0.302224 0.132884 0.0866795
2 0.67516 0.176698 0.137993 0.0925063
2 0.669315 0.538012 0.142584 0.0822529
2 0.502787 0.298558 0.152346 0.0911341
2 0.334224 0.536528 0.132874 0.0857739
2 0.827366 0.769822 0.13077 0.0869688
2 0.845705 0.179587 0.163388 0.0900502
2 0.664417 0.656332 0.154274 0.0813637
2 0.170406 0.176769 0.148567 0.0940958
2 0.498321 0.657668 0.112877 0.077828
2 0.167864 0.29781 0.126421 0.0905487
2 0.506074 0.175749 0.153627 0.0949065
2 0.16612 0.773619 0.134968 0.0821156
2 0.836707 0.42083 0.145159 0.0855952
2 0.50338 0.422733 0.111863 0.0850136
2 0.835227 0.659393 0.157434 0.0797623
2 0.83127 0.537414 0.137812 0.0851062
2 0.165923 0.885669 0.128031 0.0899449
2 0.828058 0.891917 0.155812 0.0846305
2 0.337186 0.424497 0.130447 0.0781105
0 0.727985 0.975985 0.0634969 0.0323623
2 0.494638 0.888436 0.0995807 0.0823696
2 0.165743 0.535444 0.122018 0.0883293
2 0.336178 0.300814 0.128556 0.0851039
2 0.336518 0.175251 0.146199 0.091805
2 0.66266 0.88988 0.115167 0.0848842
2 0.333363 0.659701 0.106785 0.0795958
7 0.293865 0.973457 0.0775275 0.0334827
2 0.501255 0.538212 0.106946 0.0864504
3 0.511743 0.975315 0.0623535 0.029734
8 0.495699 0.097858 0.781616 0.0477048
2 0.891724 0.10546 0.100099 0.0555198
