6 0.513533 0.336971 0.799607 0.0484543
6 0.518493 0.206067 0.798491 0.0509491
6 0.506486 0.730992 0.780699 0.0447231
6 0.510795 0.605079 0.77465 0.0491533
0 0.725036 0.975948 0.0679417 0.0329029
6 0.504503 0.793237 0.78122 0.0441187
6 0.514973 0.27133 0.800981 0.0504123
6 0.509366 0.46828 0.794599 0.0557725
3 0.506965 0.974986 0.0609286 0.0279324
6 0.512956 0.400874 0.791938 0.0483729
6 0.506798 0.667775 0.782684 0.0490225
7 0.289006 0.974153 0.0705896 0.032881
6 0.503213 0.856373 0.777095 0.0445717
0 0.131887 0.100467 0.0622721 0.0332671
2 0.19812 0.272075 0.194884 0.0333854
6 0.50345 0.91745 0.771202 0.0343717
2 0.198526 0.207564 0.184914 0.0346032
