2 0.387241 0.653013 0.49637 0.0538157
2 0.428909 0.573457 0.595712 0.0545004
2 0.287061 0.7302 0.285115 0.0524578
2 0.309175 0.806912 0.320321 0.0532862
2 0.406229 0.41681 0.576177 0.0572554
2 0.440659 0.495603 0.631292 0.0544336
1 0.49568 0.210963 0.788656 0.0649225
0 0.107344 0.100462 0.0627559 0.0309699
1 0.507021 0.313491 0.795372 0.101193
0 0.328841 0.972794 0.0609187 0.0317618
0 0.760892 0.967489 0.051078 0.0279562
3 0.544042 0.968554 0.0590382 0.0280485
2 0.416181 0.892936 0.536286 0.0341026
