1 0.517066 0.288228 0.767214 0.0443177
1 0.508338 0.667783 0.76958 0.0432905
1 0.5103 0.543827 0.764744 0.0430314
1 0.505864 0.606665 0.773489 0.0415103
1 0.527408 0.856187 0.724238 0.0415602
1 0.511397 0.792698 0.759661 0.0438254
1 0.511279 0.48056 0.771096 0.0456181
1 0.517653 0.417047 0.758706 0.0453839
1 0.542812 0.919309 0.698286 0.0445421
1 0.509114 0.731492 0.764156 0.0408352
1 0.521415 0.353465 0.756784 0.0447784
1 0.539271 0.22255 0.726161 0.0445611
0 0.12892 0.100314 0.0458519 0.0303324
2 0.269803 0.793216 0.281172 0.0418787
2 0.247624 0.543158 0.219798 0.0345459
7 0.293391 0.96959 0.073171 0.0376209
0 0.721411 0.976724 0.0630456 0.0328712
2 0.248302 0.224257 0.230111 0.0385631
2 0.23716 0.917136 0.20808 0.0296094
