2 0.384862 0.479398 0.526012 0.0600502
2 0.40365 0.614614 0.560745 0.0431557
2 0.366298 0.280414 0.494199 0.043714
2 0.15301 0.117638 0.135497 0.0694093
2 0.445329 0.677145 0.646679 0.0474216
2 0.358792 0.402024 0.481531 0.0429151
2 0.847451 0.904477 0.0612103 0.0345115
2 0.372932 0.212041 0.509414 0.0381161
2 0.398493 0.742867 0.568977 0.0497747
7 0.29112 0.97503 0.0651022 0.0304263
3 0.507583 0.975406 0.0569841 0.0279495
0 0.725526 0.97759 0.0673251 0.0320781
2 0.168702 0.912858 0.133089 0.0582776
