2 0.334621 0.401908 0.476615 0.0393461
2 0.381049 0.613943 0.571252 0.0411041
2 0.35946 0.479429 0.53302 0.05502
7 0.291621 0.974861 0.0621346 0.0306107
2 0.340038 0.279505 0.492853 0.0393162
2 0.3738 0.742721 0.570563 0.0451195
3 0.507969 0.975261 0.0576929 0.0286125
2 0.82538 0.904322 0.0658861 0.0347145
2 0.423772 0.677257 0.646614 0.0431824
2 0.34913 0.211843 0.508958 0.0374386
0 0.725734 0.977545 0.0672138 0.0331818
2 0.89348 0.107331 0.118449 0.0665711
2 0.134442 0.117868 0.135985 0.0689281
2 0.273125 0.803959 0.393572 0.0323047
2 0.594131 0.911784 0.131189 0.0520233
2 0.132723 0.90241 0.0770684 0.0349615
