2 0.818353 0.76715 0.178902 0.0887546
2 0.191306 0.431088 0.185174 0.0931961
2 0.819978 0.655869 0.176358 0.0896374
2 0.826364 0.432271 0.183584 0.0919952
2 0.614528 0.432616 0.186836 0.0931105
2 0.403023 0.431575 0.188799 0.0924024
2 0.81781 0.879493 0.180091 0.0916855
2 0.823274 0.544533 0.178949 0.0911835
2 0.682456 0.106006 0.0746527 0.0359239
2 0.612808 0.543911 0.18616 0.0919491
2 0.190703 0.765995 0.178391 0.0890192
5 0.477061 0.631833 0.504065 0.514134
2 0.79246 0.106039 0.0690595 0.0387928
2 0.608965 0.766511 0.186306 0.0912571
4 0.889952 0.106842 0.0866977 0.0573218
2 0.399313 0.876746 0.188162 0.0920847
0 0.725143 0.977447 0.0538121 0.0307896
2 0.133129 0.102654 0.0827817 0.0468175
2 0.610643 0.877768 0.18615 0.0912292
2 0.191596 0.542741 0.178997 0.0881218
2 0.188389 0.876575 0.181278 0.095156
