9 0.504305 0.815984 0.919777 0.24359
2 0.169354 0.495009 0.142588 0.0868656
2 0.502282 0.377126 0.134883 0.0920772
2 0.667233 0.495908 0.133444 0.0862798
2 0.168558 0.37637 0.159033 0.0907867
2 0.834575 0.49872 0.156329 0.0854596
2 0.838685 0.375677 0.155378 0.0936838
2 0.67353 0.373913 0.154451 0.0953294
2 0.334226 0.494094 0.14271 0.0829749
2 0.501119 0.493955 0.144898 0.0882843
3 0.51093 0.975023 0.0632085 0.033825
2 0.114269 0.668643 0.0866085 0.0488049
2 0.334601 0.376151 0.125372 0.091632
7 0.295645 0.971972 0.0603041 0.0377837
2 0.661357 0.609453 0.141836 0.0810796
2 0.334623 0.613382 0.116174 0.0729918
2 0.771742 0.670029 0.061258 0.032333
2 0.639376 0.669862 0.067927 0.0348854
0 0.727215 0.974957 0.0736853 0.0389294
2 0.16547 0.607216 0.11828 0.0821632
2 0.832844 0.612412 0.131926 0.0811163
2 0.177327 0.200516 0.133656 0.0731275
2 0.506604 0.668754 0.0577752 0.029513
8 0.421991 0.102056 0.670003 0.0448252
2 0.902893 0.67152 0.0856052 0.0424915
2 0.494027 0.609522 0.140508 0.0761729
2 0.514943 0.203308 0.136592 0.0693274
2 0.243993 0.667861 0.0631112 0.032835
2 0.513894 0.141587 0.134521 0.0337728
