9 0.502088 0.819083 0.924839 0.236795
0 0.723405 0.976205 0.070101 0.0400021
2 0.511682 0.53867 0.1345 0.0887007
2 0.112575 0.668255 0.0967144 0.0521686
2 0.166251 0.538642 0.155645 0.088566
2 0.161454 0.365621 0.134743 0.0944447
2 0.160823 0.227998 0.163291 0.102007
2 0.680002 0.539286 0.160105 0.0912657
2 0.900919 0.671519 0.0868909 0.0440302
7 0.289679 0.974319 0.0655888 0.0357158
2 0.332599 0.368025 0.133485 0.0904441
2 0.340195 0.538022 0.16267 0.0877278
2 0.649138 0.102886 0.0590723 0.0321514
2 0.505342 0.669021 0.0711849 0.0329526
3 0.506123 0.974848 0.0570955 0.0324912
2 0.73891 0.669818 0.0841589 0.0377242
2 0.273319 0.669919 0.0746637 0.0338701
2 0.852666 0.540695 0.124662 0.0904085
8 0.420892 0.104643 0.664258 0.0467953
