6 0.501137 0.313827 0.778089 0.0494807
6 0.506701 0.441317 0.780108 0.0487522
6 0.501645 0.246562 0.775393 0.0491024
6 0.497288 0.177164 0.792501 0.0604838
6 0.505707 0.377609 0.77278 0.0461427
6 0.514256 0.566554 0.770894 0.0487111
6 0.512 0.50381 0.772272 0.0445068
6 0.519107 0.629444 0.76659 0.0451979
0 0.107627 0.103206 0.0598882 0.0310031
0 0.764755 0.964955 0.0645778 0.0336304
6 0.531773 0.814829 0.765866 0.0453474
6 0.532753 0.879645 0.766905 0.04228
7 0.325168 0.964154 0.0804685 0.0448174
6 0.52464 0.75131 0.76806 0.0466889
6 0.519903 0.689076 0.767911 0.0476191
