9 0.50538 0.817122 0.917061 0.241882
2 0.50011 0.53311 0.133293 0.0872013
2 0.176927 0.361901 0.138968 0.073542
2 0.511363 0.362723 0.139321 0.0733753
2 0.169433 0.532049 0.158631 0.0888527
2 0.667119 0.239338 0.136854 0.0926318
2 0.161089 0.23749 0.147897 0.0917593
2 0.67324 0.530521 0.151822 0.093421
2 0.834079 0.238286 0.145456 0.094763
2 0.33232 0.241448 0.151358 0.0898829
7 0.290657 0.972035 0.060169 0.0375649
3 0.506511 0.974956 0.0626393 0.0333925
2 0.497846 0.239432 0.140145 0.0926513
2 0.115213 0.669453 0.0869633 0.0484647
0 0.724471 0.974792 0.0755113 0.039325
2 0.333586 0.534249 0.113431 0.0846107
2 0.640203 0.669826 0.0693374 0.0340611
2 0.357052 0.361455 0.14217 0.064781
2 0.772726 0.669707 0.0698924 0.034858
2 0.834888 0.531942 0.149484 0.0929946
2 0.904764 0.671408 0.0880946 0.0428188
2 0.507828 0.669159 0.061715 0.02873
2 0.693041 0.364592 0.145778 0.0639333
8 0.416373 0.101046 0.661957 0.0547965
2 0.337769 0.626235 0.137042 0.0440109
