2 0.390488 0.797028 0.48118 0.0554834
2 0.292088 0.487113 0.324077 0.0522863
2 0.391629 0.330896 0.547932 0.0553372
2 0.259492 0.410429 0.272464 0.0529025
2 0.290155 0.565225 0.310243 0.0520693
2 0.264029 0.643504 0.250609 0.054515
0 0.765921 0.963349 0.0699048 0.0354198
2 0.255672 0.876272 0.200757 0.0537512
0 0.107746 0.100565 0.0617158 0.031233
2 0.250897 0.169556 0.309847 0.0581086
2 0.193916 0.253386 0.174274 0.0532495
3 0.550069 0.967794 0.0636075 0.0310026
2 0.311832 0.939339 0.316239 0.0306666
8 0.473979 0.093733 0.619688 0.0500535
7 0.333695 0.972102 0.06542 0.0307144
2 0.204947 0.721688 0.124224 0.0540124
