9 0.502139 0.819804 0.925827 0.237879
0 0.723113 0.976306 0.0704768 0.0401676
2 0.511362 0.538569 0.133849 0.088714
2 0.112655 0.66832 0.0964701 0.0523901
2 0.161578 0.365898 0.134782 0.0947284
2 0.166027 0.538617 0.155045 0.0886889
2 0.160873 0.228004 0.163734 0.102003
7 0.289313 0.974283 0.0652117 0.0353229
2 0.67982 0.539012 0.160453 0.091415
2 0.901187 0.671562 0.0874069 0.0444097
2 0.341057 0.537988 0.162927 0.0875898
2 0.332716 0.368206 0.133271 0.0902894
2 0.648865 0.102869 0.0592247 0.0319589
2 0.505074 0.668833 0.0704158 0.0328019
2 0.273109 0.670025 0.074812 0.034102
3 0.50634 0.974918 0.0573659 0.0324528
2 0.738896 0.669802 0.0838794 0.0378172
2 0.853264 0.540661 0.125152 0.0898529
8 0.423054 0.104656 0.663124 0.0467575
2 0.893197 0.105765 0.111869 0.065707
