2 0.385087 0.513755 0.526646 0.0588187
2 0.152903 0.117864 0.135328 0.0693019
2 0.44364 0.712979 0.651999 0.0483621
2 0.364998 0.316638 0.492136 0.0431375
2 0.403359 0.649672 0.5657 0.0431462
3 0.50862 0.975402 0.0591104 0.0279779
2 0.372821 0.247759 0.506416 0.0401639
7 0.291395 0.974641 0.0671889 0.0308323
2 0.357625 0.437912 0.481387 0.0418536
2 0.398073 0.776957 0.574933 0.0520633
0 0.726195 0.97752 0.0665817 0.0323768
2 0.84759 0.903749 0.0593906 0.0361517
2 0.399427 0.182989 0.576164 0.0401341
2 0.168215 0.912324 0.142258 0.0593891
2 0.622283 0.913342 0.127467 0.0570678
