2 0.272276 0.410246 0.301934 0.0558911
2 0.269353 0.328987 0.308571 0.0562703
2 0.274381 0.642925 0.269711 0.0513113
2 0.307568 0.718911 0.324551 0.0522053
2 0.348297 0.176589 0.492619 0.0609147
2 0.406573 0.564961 0.549156 0.0551109
2 0.303786 0.796281 0.308906 0.0537036
0 0.107231 0.100719 0.0615462 0.0307979
2 0.2801 0.873391 0.248841 0.0533358
0 0.764529 0.966767 0.0588945 0.0319621
2 0.212715 0.48872 0.167758 0.0535265
3 0.549061 0.968409 0.0621449 0.0301329
7 0.331466 0.972678 0.0668379 0.0322445
